green,red,IR,acc_x,acc_y,acc_z,sample_index
114247,213844,297762,-4.271188340999999,4.474578262,7.625925626199999,1
114307,213764,297717,-4.2723847523,4.4889351976,7.621139981,2
114325,213831,297686,-4.1682969692,4.527220359199999,7.6606215538999995,3
114345,213847,297734,-4.3286160834,4.5631126982,7.539784012599999,4
114262,213833,297774,-4.1587256788,4.6360937875,7.6725856669,5
114435,213881,297758,-4.2855452766,4.5200418914,7.6498538522,6
114532,213860,297775,-4.1814574935,4.5056849558,7.633104094,7
114651,213859,297775,-4.319044793,4.5762732225,7.6235328036,8
114736,213910,297799,-4.271188340999999,4.5200418914,7.5637122386,9
114845,213897,297831,-4.2556349941,4.4530428586,7.6091758679999995,10
114908,213815,297796,-4.3298124947,4.5212383027000005,7.6031938115,11
115024,213920,297784,-4.2999022122,4.5990050372,7.621139981,12
115113,213867,297825,-4.1790646709,4.5008993106,7.6235328036,13
115253,213943,297837,-4.2041893082,4.5176490688,7.5876404646,14
115293,213919,297846,-4.2053857195,4.4434715682,7.654639497399999,15
115404,213943,297851,-4.1587256788,4.465006971599999,7.65703232,16
115531,213954,297821,-4.1587256788,4.4685962055,7.5625158273,17
115602,213956,297877,-4.3465622529,4.6169512067000005,7.5804619967999995,18
115677,213907,297852,-4.1730826144,4.5726839886,7.568497883799999,19
115767,213961,297813,-4.1934216065,4.5320060043999995,7.6749784895,20
115743,213930,297858,-4.3274196721000004,4.5296131818,7.6187471584,21
115385,213840,297841,-4.1671005579,4.5571306417,7.6043902228,22
114885,213699,297801,-4.1850467274,4.42672181,7.556533770800001,23
114511,213801,297768,-4.2640098732,4.3692940676,7.5326055448,24
114407,213766,297719,-4.2616170506,4.6384866101,7.606783045399999,25
114432,213781,297779,-4.2687955184,4.5212383027000005,7.5828548194,26
114587,213826,297781,-4.3034914461,4.492524431500001,7.568497883799999,27
114695,213830,297822,-4.2915273330999995,4.5906301581,7.5876404646,28
114838,213858,297776,-4.2867416879,4.4410787456,7.549355303,29
114933,213768,297851,-4.3381873738,4.3980079388,7.570890706399999,30
114958,213877,297853,-4.2807596314,4.5128634236,7.6091758679999995,31
114938,213811,297808,-4.1958144290999995,4.5140598349,7.7132636511,32
114937,213828,297835,-4.1814574935,4.560719875599999,7.6235328036,33
115003,213854,297874,-4.2257247116,4.4410787456,7.6343005053,34
114976,213854,297858,-4.2029928969000006,4.4889351976,7.6654071991,35
115107,213845,297867,-4.2400816472,4.5332024157,7.6869426025,36
115206,213836,297869,-4.1694933805000005,4.4063828179,7.7240313528,37
115288,213911,297905,-4.3022950348,4.4422751569,7.6498538522,38
115327,213861,297888,-4.1766718483,4.3968115275,7.5445696578,39
115420,213889,297880,-4.2807596314,4.4470608021,7.570890706399999,40
115520,213859,297860,-4.1802610821999995,4.5080777784,7.6151579245,41
115599,213877,297895,-4.2269211229,4.5427737061,7.6725856669,42
115647,213892,297897,-4.3118663252,4.498506487999999,7.5948189324,43
115749,213900,297872,-4.259224228,4.5655055207999995,7.6737820782,44
115803,213923,297876,-4.1778682596,4.5284167705,7.6055866341,45
115907,213887,297850,-4.2185462438,4.438685923,7.6725856669,46
115949,213907,297896,-4.3154555591,4.5631126982,7.6235328036,47
116051,213932,297903,-4.1898323726,4.4721854394000005,7.5589265934,48
116025,213905,297880,-4.199403663,4.462614149,7.6630143765,49
115912,213889,297839,-4.1647077353,4.5128634236,7.6115686905999995,50
115503,213810,297787,-4.208974953399999,4.5726839886,7.5828548194,51
115027,213715,297770,-4.2484565263,4.5008993106,7.621139981,52
114771,213755,297775,-4.1647077353,4.5176490688,7.637889739199999,53
114643,213744,297768,-4.2364924133,4.5080777784,7.5900332872,54
114762,213765,297795,-4.2065821308,4.462614149,7.5445696578,55
114900,213838,297801,-4.18743955,4.4482572134,7.5816584081,56
115021,213802,297817,-4.2029928969000006,4.4195433422,7.635496916599999,57
115126,213795,297795,-4.2999022122,4.527220359199999,7.5876404646,58
115155,213785,297844,-4.1982072517,4.5667019321,7.6115686905999995,59
115115,213784,297825,-4.2783668087999995,4.5320060043999995,7.585247642000001,60
115095,213766,297807,-4.1383866867,4.5284167705,7.5326055448,61
115075,213805,297804,-4.3010986235,4.5044885445,7.5996045776,62
115098,213800,297826,-4.2819560427,4.4817567298,7.6366933279,63
115093,213781,297857,-4.1647077353,4.6002014485,7.6043902228,64
115254,213828,297791,-4.1491543884,4.4458643908,7.5864440533,65
115292,213762,297852,-4.2006000743,4.3896330597,7.6414789731,66
115360,213828,297831,-4.2065821308,4.4673997942,7.6115686905999995,67
115409,213815,297860,-4.2987058009,4.5571306417,7.606783045399999,68
115483,213825,297826,-4.2664026958,4.4697926167999995,7.622336392299999,69
115551,213834,297884,-4.271188340999999,4.5834516903,7.606783045399999,70
115496,213847,297870,-4.2759739861999995,4.5236311253,7.645068207,71
115637,213841,297866,-4.3334017286,4.5523449965,7.7228349415,72
115684,213761,297841,-4.2257247116,4.4243289874,7.5445696578,73
115760,213913,297888,-4.1730826144,4.5296131818,7.5996045776,74
115825,213867,297829,-4.1946180178,4.4231325760999995,7.5541409482,75
115823,213868,297874,-4.2616170506,4.522434714,7.6869426025,76
115601,213798,297784,-4.1982072517,4.4937208428,7.679764134699999,77
115137,213707,297782,-4.2568314054,4.5595234643,7.6319076827,78
114652,213633,297685,-4.2006000743,4.3501514868,7.6498538522,79
114352,213697,297705,-4.3106699139,4.5786660451,7.6594251426,80
114357,213658,297720,-4.1671005579,4.5762732225,7.65703232,81
114336,213700,297794,-4.1682969692,4.4817567298,7.6103722793,82
114470,213778,297844,-4.2257247116,4.5415772948,7.6235328036,83
114595,213736,297792,-4.3680976563,4.5595234643,7.7156564737,84
114676,213754,297787,-4.242474469799999,4.4315074552,7.635496916599999,85
114717,213747,297780,-4.2101713647,4.4697926167999995,7.708478005899999,86
114705,213710,297809,-4.2137605985999995,4.5080777784,7.6414789731,87
114625,213740,297792,-4.235296002,4.5176490688,7.539784012599999,88
114625,213639,297826,-4.3250268494999995,4.5487557626,7.6283184488,89
114710,213739,297771,-4.2496529376,4.5631126982,7.5888368759,90
114762,213783,297844,-4.2029928969000006,4.510470601,7.6031938115,91
114768,213756,297812,-4.1886359613,4.5260239479,7.6414789731,92
114905,213779,297873,-4.2340995907,4.4554356812,7.6606215538999995,93
114954,213808,297789,-4.2029928969000006,4.4781674959,7.5924261098,94
114901,213769,297858,-4.247260115,4.415954108299999,7.6139615132000005,95
115042,213821,297821,-4.3034914461,4.4721854394000005,7.6043902228,96
115168,213678,297839,-4.1204405172000005,4.5499521739,7.568497883799999,97
115206,213784,297890,-4.2137605985999995,4.4721854394000005,7.65703232,98
115313,213829,297898,-4.2616170506,4.5200418914,7.6618179652,99
115378,213810,297863,-4.242474469799999,4.5726839886,7.5948189324,100
115439,213840,297887,-4.242474469799999,4.5320060043999995,7.6139615132000005,101
115393,213864,297876,-4.2939201557,4.5774696338,7.597211754999999,102
115207,213797,297865,-4.2939201557,4.498506487999999,7.7060851833,103
114716,213684,297749,-4.1922251952,4.5260239479,7.597211754999999,104
114172,213648,297766,-4.2329031794,4.5164526575,7.5026952623000005,105
113852,213653,297715,-4.2197426551,4.462614149,7.5122665527,106
113765,213635,297780,-4.2161534212,4.6025942711,7.6618179652,107
113820,213645,297748,-4.2269211229,4.5738803999,7.606783045399999,108
113841,213670,297782,-4.1898323726,4.486542375,7.5661050612,109
113982,213718,297788,-4.3992043501,4.5535414078,7.654639497399999,110
114090,213718,297810,-4.126422573699999,4.5284167705,7.5230342544,111
114169,213727,297838,-4.2735811636,4.5008993106,7.645068207,112
114022,213713,297875,-4.208974953399999,4.6241296745,7.6103722793,113
114104,213710,297832,-4.1742790257,4.4458643908,7.6115686905999995,114
114077,213718,297826,-4.1180476945999995,4.5858445129,7.5876404646,115
114125,213686,297889,-4.1886359613,4.4243289874,7.6091758679999995,116
114201,213686,297822,-4.2687955184,4.5535414078,7.530212722199999,117
114274,213745,297923,-4.259224228,4.5750768112,7.621139981,118
114350,213715,297836,-4.2340995907,4.5774696338,7.6474610296,119
114430,213730,297842,-4.2448672924,4.5320060043999995,7.679764134699999,120
114539,213775,297898,-4.2759739861999995,4.5978086259,7.6773713121,121
114591,213713,297891,-4.3046878574,4.5978086259,7.645068207,122
114655,213759,297919,-4.3046878574,4.5978086259,7.645068207,123
114739,213792,297897,-4.3046878574,4.5978086259,7.645068207,124
114824,213772,297898,-4.3046878574,4.5978086259,7.645068207,125
114907,213811,297921,-4.3046878574,4.5978086259,7.645068207,126
114987,213808,297934,-4.3046878574,4.5978086259,7.645068207,127
115058,213808,297916,-4.3046878574,4.5978086259,7.645068207,128
115153,213828,297933,-4.3046878574,4.5978086259,7.645068207,129
115219,213828,297949,-4.3046878574,4.5978086259,7.645068207,130
115148,213807,297904,-4.3046878574,4.5978086259,7.645068207,131
114758,213715,297867,-4.3046878574,4.5978086259,7.645068207,132
114170,213629,297802,-4.3046878574,4.5978086259,7.645068207,133
113786,213581,297822,-4.3046878574,4.5978086259,7.645068207,134
113663,213608,297788,-4.3046878574,4.5978086259,7.645068207,135
113729,213599,297827,-4.3046878574,4.5978086259,7.645068207,136
113816,213655,297876,-4.3046878574,4.5978086259,7.645068207,137
113963,213662,297890,-4.3046878574,4.5978086259,7.645068207,138
114057,213647,297835,-4.3046878574,4.5978086259,7.645068207,139
114165,213663,297910,-4.3046878574,4.5978086259,7.645068207,140
114185,213695,297875,-4.3046878574,4.5978086259,7.645068207,141
114178,213683,297915,-4.3046878574,4.5978086259,7.645068207,142
114182,213653,297868,-4.3046878574,4.5978086259,7.645068207,143
114206,213695,297941,-4.3046878574,4.5978086259,7.645068207,144
114287,213710,297915,-4.3046878574,4.5978086259,7.645068207,145
114353,213713,297937,-4.3046878574,4.5978086259,7.645068207,146
114455,213736,297874,-4.3046878574,4.5978086259,7.645068207,147
114530,213675,297948,-4.3046878574,4.5978086259,7.645068207,148
114622,213725,297924,-4.3046878574,4.5978086259,7.645068207,149
114695,213722,297958,-4.3046878574,4.5978086259,7.645068207,150
114796,213734,297897,-4.3046878574,4.5978086259,7.645068207,151
114885,213738,297962,-4.3046878574,4.5978086259,7.645068207,152
114956,213768,297984,-4.3046878574,4.5978086259,7.645068207,153
115044,213782,297966,-4.3046878574,4.5978086259,7.645068207,154
115140,213747,298004,-4.3046878574,4.5978086259,7.645068207,155
115195,213758,298012,-4.3046878574,4.5978086259,7.645068207,156
115278,213767,297973,-4.3046878574,4.5978086259,7.645068207,157
115368,213775,297941,-4.3046878574,4.5978086259,7.645068207,158
115456,213801,297992,-4.3046878574,4.5978086259,7.645068207,159
115483,213800,297953,-4.3046878574,4.5978086259,7.645068207,160
115338,213724,297940,-4.3046878574,4.5978086259,7.645068207,161
114887,213611,297895,-4.3046878574,4.5978086259,7.645068207,162
114394,213591,297826,-4.3046878574,4.5978086259,7.645068207,163
114073,213571,297836,-4.2568314054,4.4291146326,7.6606215538999995,164
114153,213615,297846,-4.2568314054,4.4291146326,7.6606215538999995,165
114282,213618,297885,-4.2568314054,4.4291146326,7.6606215538999995,166
114422,213670,297883,-4.2568314054,4.4291146326,7.6606215538999995,167
114527,213645,297922,-4.2568314054,4.4291146326,7.6606215538999995,168
114581,213635,297895,-4.2568314054,4.4291146326,7.6606215538999995,169
114601,213646,297906,-4.2568314054,4.4291146326,7.6606215538999995,170
114573,213626,297924,-4.2568314054,4.4291146326,7.6606215538999995,171
114576,213621,297896,-4.2568314054,4.4291146326,7.6606215538999995,172
114611,213644,297899,-4.2568314054,4.4291146326,7.6606215538999995,173
114700,213662,297873,-4.2568314054,4.4291146326,7.6606215538999995,174
114772,213648,297923,-4.2568314054,4.4291146326,7.6606215538999995,175
114861,213670,297943,-4.2568314054,4.4291146326,7.6606215538999995,176
114944,213648,297897,-4.2568314054,4.4291146326,7.6606215538999995,177
114993,213687,297948,-4.2568314054,4.4291146326,7.6606215538999995,178
115065,213709,297926,-4.2568314054,4.4291146326,7.6606215538999995,179
115146,213685,297920,-4.2568314054,4.4291146326,7.6606215538999995,180
115231,213692,297926,-4.2568314054,4.4291146326,7.6606215538999995,181
115294,213695,297955,-4.2568314054,4.4291146326,7.6606215538999995,182
115380,213676,297948,-4.2568314054,4.4291146326,7.6606215538999995,183
115440,213710,297923,-4.2568314054,4.4291146326,7.6606215538999995,184
115516,213709,297927,-4.2568314054,4.4291146326,7.6606215538999995,185
115600,213719,298005,-4.2568314054,4.4291146326,7.6606215538999995,186
115631,213722,297939,-4.2568314054,4.4291146326,7.6606215538999995,187
115420,213656,297901,-4.2568314054,4.4291146326,7.6606215538999995,188
114986,213606,297806,-4.2568314054,4.4291146326,7.6606215538999995,189
114525,213539,297804,-4.2568314054,4.4291146326,7.6606215538999995,190
114298,213522,297800,-4.2568314054,4.4291146326,7.6606215538999995,191
114255,213539,297799,-4.2568314054,4.4291146326,7.6606215538999995,192
114350,213554,297831,-4.2568314054,4.4291146326,7.6606215538999995,193
114463,213589,297831,-4.2568314054,4.4291146326,7.6606215538999995,194
114602,213621,297842,-4.2568314054,4.4291146326,7.6606215538999995,195
114719,213605,297835,-4.2568314054,4.4291146326,7.6606215538999995,196
114733,213642,297820,-4.2568314054,4.4291146326,7.6606215538999995,197
114733,213597,297876,-4.2568314054,4.4291146326,7.6606215538999995,198
114672,213571,297841,-4.2568314054,4.4291146326,7.6606215538999995,199
114699,213596,297860,-4.2568314054,4.4291146326,7.6606215538999995,200
114742,213607,297831,-4.2568314054,4.4291146326,7.6606215538999995,201
114792,213618,297845,-4.2568314054,4.4291146326,7.6606215538999995,202
114872,213640,297871,-4.2568314054,4.4291146326,7.6606215538999995,203
114935,213652,297901,-4.2568314054,4.4291146326,7.6606215538999995,204
115015,213676,297894,-4.2568314054,4.4291146326,7.6606215538999995,205
114880,213631,297843,-4.199403663,4.5547378191000005,7.635496916599999,206
114945,213606,297867,-4.199403663,4.5547378191000005,7.635496916599999,207
115016,213638,297888,-4.199403663,4.5547378191000005,7.635496916599999,208
115104,213631,297843,-4.199403663,4.5547378191000005,7.635496916599999,209
115128,213594,297904,-4.199403663,4.5547378191000005,7.635496916599999,210
114975,213543,297771,-4.199403663,4.5547378191000005,7.635496916599999,211
114502,213486,297748,-4.199403663,4.5547378191000005,7.635496916599999,212
114068,213397,297706,-4.199403663,4.5547378191000005,7.635496916599999,213
113824,213378,297720,-4.199403663,4.5547378191000005,7.635496916599999,214
113768,213423,297725,-4.199403663,4.5547378191000005,7.635496916599999,215
113866,213463,297724,-4.199403663,4.5547378191000005,7.635496916599999,216
113963,213468,297740,-4.199403663,4.5547378191000005,7.635496916599999,217
114132,213494,297780,-4.199403663,4.5547378191000005,7.635496916599999,218
114240,213498,297791,-4.199403663,4.5547378191000005,7.635496916599999,219
114292,213521,297793,-4.199403663,4.5547378191000005,7.635496916599999,220
114276,213482,297792,-4.199403663,4.5547378191000005,7.635496916599999,221
114236,213477,297753,-4.199403663,4.5547378191000005,7.635496916599999,222
114249,213478,297785,-4.199403663,4.5547378191000005,7.635496916599999,223
114305,213492,297784,-4.199403663,4.5547378191000005,7.635496916599999,224
114363,213500,297799,-4.199403663,4.5547378191000005,7.635496916599999,225
114450,213528,297767,-4.199403663,4.5547378191000005,7.635496916599999,226
114543,213544,297780,-4.199403663,4.5547378191000005,7.635496916599999,227
114636,213539,297808,-4.199403663,4.5547378191000005,7.635496916599999,228
114701,213542,297816,-4.199403663,4.5547378191000005,7.635496916599999,229
114790,213539,297808,-4.199403663,4.5547378191000005,7.635496916599999,230
114862,213570,297817,-4.199403663,4.5547378191000005,7.635496916599999,231
114929,213606,297850,-4.199403663,4.5547378191000005,7.635496916599999,232
114986,213614,297855,-4.199403663,4.5547378191000005,7.635496916599999,233
115051,213575,297862,-4.199403663,4.5547378191000005,7.635496916599999,234
115153,213595,297861,-4.199403663,4.5547378191000005,7.635496916599999,235
115169,213577,297829,-4.199403663,4.5547378191000005,7.635496916599999,236
114970,213517,297785,-4.199403663,4.5547378191000005,7.635496916599999,237
114490,213455,297704,-4.199403663,4.5547378191000005,7.635496916599999,238
114031,213423,297684,-4.199403663,4.5547378191000005,7.635496916599999,239
113791,213421,297712,-4.199403663,4.5547378191000005,7.635496916599999,240
113792,213428,297721,-4.199403663,4.5547378191000005,7.635496916599999,241
113843,213437,297692,-4.199403663,4.5547378191000005,7.635496916599999,242
113962,213452,297738,-4.199403663,4.5547378191000005,7.635496916599999,243
114104,213475,297790,-4.199403663,4.5547378191000005,7.635496916599999,244
114209,213493,297774,-4.199403663,4.5547378191000005,7.635496916599999,245
114273,213486,297751,-4.199403663,4.5547378191000005,7.635496916599999,246
114252,213501,297762,-4.199403663,4.5547378191000005,7.635496916599999,247
114513,213415,297746,-4.2340995907,4.4339002778,7.6989067155,248
114644,213469,297712,-4.2340995907,4.4339002778,7.6989067155,249
114799,213476,297758,-4.2340995907,4.4339002778,7.6989067155,250
114882,213492,297792,-4.2340995907,4.4339002778,7.6989067155,251
114946,213500,297804,-4.2340995907,4.4339002778,7.6989067155,252
114964,213501,297814,-4.2340995907,4.4339002778,7.6989067155,253
114971,213512,297748,-4.2340995907,4.4339002778,7.6989067155,254
115018,213528,297811,-4.2340995907,4.4339002778,7.6989067155,255
115076,213538,297793,-4.2340995907,4.4339002778,7.6989067155,256
115168,213528,297796,-4.2340995907,4.4339002778,7.6989067155,257
115261,213554,297843,-4.2340995907,4.4339002778,7.6989067155,258
115350,213547,297803,-4.2340995907,4.4339002778,7.6989067155,259
115415,213577,297809,-4.2340995907,4.4339002778,7.6989067155,260
115521,213598,297819,-4.2340995907,4.4339002778,7.6989067155,261
115602,213600,297813,-4.2340995907,4.4339002778,7.6989067155,262
115689,213587,297828,-4.2340995907,4.4339002778,7.6989067155,263
115777,213611,297832,-4.2340995907,4.4339002778,7.6989067155,264
115856,213652,297839,-4.2340995907,4.4339002778,7.6989067155,265
115927,213635,297841,-4.2340995907,4.4339002778,7.6989067155,266
116039,213646,297843,-4.2340995907,4.4339002778,7.6989067155,267
116042,213628,297861,-4.2340995907,4.4339002778,7.6989067155,268
115764,213575,297806,-4.2340995907,4.4339002778,7.6989067155,269
115275,213504,297717,-4.2340995907,4.4339002778,7.6989067155,270
114869,213453,297685,-4.2340995907,4.4339002778,7.6989067155,271
114672,213444,297655,-4.2340995907,4.4339002778,7.6989067155,272
114653,213454,297700,-4.2340995907,4.4339002778,7.6989067155,273
114712,213480,297700,-4.2340995907,4.4339002778,7.6989067155,274
114804,213507,297752,-4.2340995907,4.4339002778,7.6989067155,275
114905,213530,297768,-4.2340995907,4.4339002778,7.6989067155,276
115006,213545,297755,-4.2340995907,4.4339002778,7.6989067155,277
115039,213556,297760,-4.2340995907,4.4339002778,7.6989067155,278
115029,213548,297771,-4.2340995907,4.4339002778,7.6989067155,279
115025,213539,297761,-4.2340995907,4.4339002778,7.6989067155,280
115058,213538,297748,-4.2340995907,4.4339002778,7.6989067155,281
115079,213581,297765,-4.2340995907,4.4339002778,7.6989067155,282
115164,213609,297853,-4.2340995907,4.4339002778,7.6989067155,283
115248,213600,297801,-4.2340995907,4.4339002778,7.6989067155,284
115330,213608,297762,-4.2340995907,4.4339002778,7.6989067155,285
115387,213617,297805,-4.2340995907,4.4339002778,7.6989067155,286
115460,213608,297792,-4.2340995907,4.4339002778,7.6989067155,287
115533,213647,297828,-4.2340995907,4.4339002778,7.6989067155,288
115619,213658,297853,-4.2340995907,4.4339002778,7.6989067155,289
114696,213582,297669,-4.378865358,4.4961136654,7.5158557866,290
114755,213549,297691,-4.378865358,4.4961136654,7.5158557866,291
114826,213575,297653,-4.378865358,4.4961136654,7.5158557866,292
114898,213615,297682,-4.378865358,4.4961136654,7.5158557866,293
114947,213604,297712,-4.378865358,4.4961136654,7.5158557866,294
115012,213632,297700,-4.378865358,4.4961136654,7.5158557866,295
115099,213634,297681,-4.378865358,4.4961136654,7.5158557866,296
115188,213648,297668,-4.378865358,4.4961136654,7.5158557866,297
115269,213635,297728,-4.378865358,4.4961136654,7.5158557866,298
115302,213620,297715,-4.378865358,4.4961136654,7.5158557866,299
115102,213547,297662,-4.378865358,4.4961136654,7.5158557866,300
114655,213499,297552,-4.378865358,4.4961136654,7.5158557866,301
114179,213455,297573,-4.378865358,4.4961136654,7.5158557866,302
113944,213448,297519,-4.378865358,4.4961136654,7.5158557866,303
113884,213468,297582,-4.378865358,4.4961136654,7.5158557866,304
113994,213452,297565,-4.378865358,4.4961136654,7.5158557866,305
114120,213511,297616,-4.378865358,4.4961136654,7.5158557866,306
114269,213516,297632,-4.378865358,4.4961136654,7.5158557866,307
114376,213535,297627,-4.378865358,4.4961136654,7.5158557866,308
114432,213548,297673,-4.378865358,4.4961136654,7.5158557866,309
114440,213534,297623,-4.378865358,4.4961136654,7.5158557866,310
114446,213541,297624,-4.378865358,4.4961136654,7.5158557866,311
114459,213547,297684,-4.378865358,4.4961136654,7.5158557866,312
114533,213563,297717,-4.378865358,4.4961136654,7.5158557866,313
114587,213547,297673,-4.378865358,4.4961136654,7.5158557866,314
114692,213559,297680,-4.378865358,4.4961136654,7.5158557866,315
114778,213588,297710,-4.378865358,4.4961136654,7.5158557866,316
114858,213624,297676,-4.378865358,4.4961136654,7.5158557866,317
114942,213597,297714,-4.378865358,4.4961136654,7.5158557866,318
115026,213625,297766,-4.378865358,4.4961136654,7.5158557866,319
115107,213632,297721,-4.378865358,4.4961136654,7.5158557866,320
115194,213660,297736,-4.378865358,4.4961136654,7.5158557866,321
115285,213667,297727,-4.378865358,4.4961136654,7.5158557866,322
115372,213676,297713,-4.378865358,4.4961136654,7.5158557866,323
115477,213698,297732,-4.378865358,4.4961136654,7.5158557866,324
115484,213678,297715,-4.378865358,4.4961136654,7.5158557866,325
115244,213613,297675,-4.378865358,4.4961136654,7.5158557866,326
114758,213494,297613,-4.378865358,4.4961136654,7.5158557866,327
114260,213468,297547,-4.378865358,4.4961136654,7.5158557866,328
114041,213459,297570,-4.378865358,4.4961136654,7.5158557866,329
114011,213497,297557,-4.378865358,4.4961136654,7.5158557866,330
114060,213505,297616,-4.378865358,4.4961136654,7.5158557866,331
115660,213646,297752,-4.3106699139,4.4578285038,7.6366933279,332
115604,213681,297748,-4.3106699139,4.4578285038,7.6366933279,333
115353,213624,297714,-4.3106699139,4.4578285038,7.6366933279,334
114852,213528,297604,-4.3106699139,4.4578285038,7.6366933279,335
114451,213515,297622,-4.3106699139,4.4578285038,7.6366933279,336
114249,213507,297626,-4.3106699139,4.4578285038,7.6366933279,337
114266,213516,297631,-4.3106699139,4.4578285038,7.6366933279,338
114356,213559,297656,-4.3106699139,4.4578285038,7.6366933279,339
114481,213550,297687,-4.3106699139,4.4578285038,7.6366933279,340
114604,213585,297680,-4.3106699139,4.4578285038,7.6366933279,341
114707,213566,297673,-4.3106699139,4.4578285038,7.6366933279,342
114687,213600,297670,-4.3106699139,4.4578285038,7.6366933279,343
114656,213571,297637,-4.3106699139,4.4578285038,7.6366933279,344
114647,213570,297681,-4.3106699139,4.4578285038,7.6366933279,345
114631,213567,297720,-4.3106699139,4.4578285038,7.6366933279,346
114665,213553,297714,-4.3106699139,4.4578285038,7.6366933279,347
114744,213584,297705,-4.3106699139,4.4578285038,7.6366933279,348
114796,213584,297648,-4.3106699139,4.4578285038,7.6366933279,349
114850,213585,297689,-4.3106699139,4.4578285038,7.6366933279,350
114922,213611,297713,-4.3106699139,4.4578285038,7.6366933279,351
114972,213610,297698,-4.3106699139,4.4578285038,7.6366933279,352
115040,213623,297681,-4.3106699139,4.4578285038,7.6366933279,353
115093,213626,297681,-4.3106699139,4.4578285038,7.6366933279,354
115191,213633,297715,-4.3106699139,4.4578285038,7.6366933279,355
115260,213635,297678,-4.3106699139,4.4578285038,7.6366933279,356
115334,213644,297690,-4.3106699139,4.4578285038,7.6366933279,357
115399,213677,297720,-4.3106699139,4.4578285038,7.6366933279,358
115386,213643,297730,-4.3106699139,4.4578285038,7.6366933279,359
115067,213564,297676,-4.3106699139,4.4578285038,7.6366933279,360
114554,213502,297643,-4.3106699139,4.4578285038,7.6366933279,361
114100,213423,297595,-4.3106699139,4.4578285038,7.6366933279,362
113934,213485,297593,-4.3106699139,4.4578285038,7.6366933279,363
113941,213516,297632,-4.3106699139,4.4578285038,7.6366933279,364
114043,213511,297641,-4.3106699139,4.4578285038,7.6366933279,365
114173,213557,297681,-4.3106699139,4.4578285038,7.6366933279,366
114291,213596,297641,-4.3106699139,4.4578285038,7.6366933279,367
114375,213584,297679,-4.3106699139,4.4578285038,7.6366933279,368
114400,213557,297696,-4.3106699139,4.4578285038,7.6366933279,369
114370,213558,297703,-4.3106699139,4.4578285038,7.6366933279,370
114349,213584,297721,-4.3106699139,4.4578285038,7.6366933279,371
114375,213574,297731,-4.3106699139,4.4578285038,7.6366933279,372
114438,213628,297746,-4.3106699139,4.4578285038,7.6366933279,373
114781,213637,297789,-4.18743955,4.4015971727,7.7706913935,374
114808,213664,297774,-4.18743955,4.4015971727,7.7706913935,375
114896,213671,297749,-4.18743955,4.4015971727,7.7706913935,376
114952,213671,297779,-4.18743955,4.4015971727,7.7706913935,377
115041,213691,297779,-4.18743955,4.4015971727,7.7706913935,378
115122,213676,297738,-4.18743955,4.4015971727,7.7706913935,379
115198,213688,297779,-4.18743955,4.4015971727,7.7706913935,380
115276,213706,297758,-4.18743955,4.4015971727,7.7706913935,381
115328,213722,297775,-4.18743955,4.4015971727,7.7706913935,382
115230,213660,297778,-4.18743955,4.4015971727,7.7706913935,383
114796,213580,297697,-4.18743955,4.4015971727,7.7706913935,384
114177,213528,297649,-4.18743955,4.4015971727,7.7706913935,385
113740,213468,297653,-4.18743955,4.4015971727,7.7706913935,386
113583,213500,297673,-4.18743955,4.4015971727,7.7706913935,387
113590,213549,297666,-4.18743955,4.4015971727,7.7706913935,388
113691,213527,297662,-4.18743955,4.4015971727,7.7706913935,389
113802,213505,297654,-4.18743955,4.4015971727,7.7706913935,390
113915,213593,297687,-4.18743955,4.4015971727,7.7706913935,391
114002,213541,297715,-4.18743955,4.4015971727,7.7706913935,392
114030,213582,297703,-4.18743955,4.4015971727,7.7706913935,393
113984,213560,297771,-4.18743955,4.4015971727,7.7706913935,394
113986,213552,297735,-4.18743955,4.4015971727,7.7706913935,395
114007,213573,297757,-4.18743955,4.4015971727,7.7706913935,396
114054,213552,297759,-4.18743955,4.4015971727,7.7706913935,397
114163,213619,297743,-4.18743955,4.4015971727,7.7706913935,398
114229,213584,297819,-4.18743955,4.4015971727,7.7706913935,399
114335,213600,297793,-4.18743955,4.4015971727,7.7706913935,400
114390,213634,297772,-4.18743955,4.4015971727,7.7706913935,401
114486,213651,297785,-4.18743955,4.4015971727,7.7706913935,402
114561,213611,297745,-4.18743955,4.4015971727,7.7706913935,403
114643,213651,297823,-4.18743955,4.4015971727,7.7706913935,404
114729,213663,297829,-4.18743955,4.4015971727,7.7706913935,405
114805,213660,297823,-4.18743955,4.4015971727,7.7706913935,406
114908,213668,297814,-4.18743955,4.4015971727,7.7706913935,407
114969,213657,297860,-4.18743955,4.4015971727,7.7706913935,408
115064,213679,297815,-4.18743955,4.4015971727,7.7706913935,409
115081,213681,297848,-4.18743955,4.4015971727,7.7706913935,410
114867,213657,297788,-4.18743955,4.4015971727,7.7706913935,411
114319,213522,297720,-4.18743955,4.4015971727,7.7706913935,412
113768,213463,297698,-4.18743955,4.4015971727,7.7706913935,413
113505,213481,297683,-4.18743955,4.4015971727,7.7706913935,414
113498,213489,297718,-4.18743955,4.4015971727,7.7706913935,415
114873,213602,297784,-4.3262232608,4.5655055207999995,7.5517481256,416
114928,213591,297845,-4.3262232608,4.5655055207999995,7.5517481256,417
115020,213597,297843,-4.3262232608,4.5655055207999995,7.5517481256,418
115113,213585,297825,-4.3262232608,4.5655055207999995,7.5517481256,419
115196,213605,297819,-4.3262232608,4.5655055207999995,7.5517481256,420
115279,213614,297855,-4.3262232608,4.5655055207999995,7.5517481256,421
115382,213632,297862,-4.3262232608,4.5655055207999995,7.5517481256,422
115423,213639,297878,-4.3262232608,4.5655055207999995,7.5517481256,423
115333,213626,297806,-4.3262232608,4.5655055207999995,7.5517481256,424
114970,213534,297744,-4.3262232608,4.5655055207999995,7.5517481256,425
114488,213470,297723,-4.3262232608,4.5655055207999995,7.5517481256,426
114180,213466,297711,-4.3262232608,4.5655055207999995,7.5517481256,427
114124,213449,297708,-4.3262232608,4.5655055207999995,7.5517481256,428
114193,213428,297725,-4.3262232608,4.5655055207999995,7.5517481256,429
114331,213481,297714,-4.3262232608,4.5655055207999995,7.5517481256,430
114486,213543,297797,-4.3262232608,4.5655055207999995,7.5517481256,431
114641,213549,297804,-4.3262232608,4.5655055207999995,7.5517481256,432
114717,213564,297808,-4.3262232608,4.5655055207999995,7.5517481256,433
114748,213536,297808,-4.3262232608,4.5655055207999995,7.5517481256,434
114742,213576,297815,-4.3262232608,4.5655055207999995,7.5517481256,435
114774,213532,297790,-4.3262232608,4.5655055207999995,7.5517481256,436
114818,213563,297824,-4.3262232608,4.5655055207999995,7.5517481256,437
114915,213581,297811,-4.3262232608,4.5655055207999995,7.5517481256,438
115019,213588,297879,-4.3262232608,4.5655055207999995,7.5517481256,439
115124,213604,297862,-4.3262232608,4.5655055207999995,7.5517481256,440
115210,213613,297874,-4.3262232608,4.5655055207999995,7.5517481256,441
115296,213590,297819,-4.3262232608,4.5655055207999995,7.5517481256,442
115406,213628,297873,-4.3262232608,4.5655055207999995,7.5517481256,443
115495,213643,297865,-4.3262232608,4.5655055207999995,7.5517481256,444
115629,213650,297901,-4.3262232608,4.5655055207999995,7.5517481256,445
115731,213677,297893,-4.3262232608,4.5655055207999995,7.5517481256,446
115859,213692,297813,-4.3262232608,4.5655055207999995,7.5517481256,447
115957,213673,297896,-4.3262232608,4.5655055207999995,7.5517481256,448
115993,213670,297893,-4.3262232608,4.5655055207999995,7.5517481256,449
115801,213586,297881,-4.3262232608,4.5655055207999995,7.5517481256,450
115410,213528,297748,-4.3262232608,4.5655055207999995,7.5517481256,451
115128,213539,297736,-4.3262232608,4.5655055207999995,7.5517481256,452
115056,213512,297789,-4.3262232608,4.5655055207999995,7.5517481256,453
115112,213558,297762,-4.3262232608,4.5655055207999995,7.5517481256,454
115263,213556,297856,-4.3262232608,4.5655055207999995,7.5517481256,455
115429,213595,297884,-4.3262232608,4.5655055207999995,7.5517481256,456
115589,213588,297840,-4.3262232608,4.5655055207999995,7.5517481256,457
121624,214066,297880,-4.1814574935,4.547559351299999,7.5134629639999995,458
121694,214085,297899,-4.1814574935,4.547559351299999,7.5134629639999995,459
121716,214053,297880,-4.1814574935,4.547559351299999,7.5134629639999995,460
121733,214012,297806,-4.1814574935,4.547559351299999,7.5134629639999995,461
121735,214000,297829,-4.1814574935,4.547559351299999,7.5134629639999995,462
121763,213983,297824,-4.1814574935,4.547559351299999,7.5134629639999995,463
121830,214076,297844,-4.1814574935,4.547559351299999,7.5134629639999995,464
121891,214066,297844,-4.1814574935,4.547559351299999,7.5134629639999995,465
121934,214070,297818,-4.1814574935,4.547559351299999,7.5134629639999995,466
122014,214080,297810,-4.1814574935,4.547559351299999,7.5134629639999995,467
122052,214095,297792,-4.1814574935,4.547559351299999,7.5134629639999995,468
122101,214112,297817,-4.1814574935,4.547559351299999,7.5134629639999995,469
122139,214076,297799,-4.1814574935,4.547559351299999,7.5134629639999995,470
122192,214075,297849,-4.1814574935,4.547559351299999,7.5134629639999995,471
122263,214117,297769,-4.1814574935,4.547559351299999,7.5134629639999995,472
122309,214102,297798,-4.1814574935,4.547559351299999,7.5134629639999995,473
122340,214123,297795,-4.1814574935,4.547559351299999,7.5134629639999995,474
122389,214124,297780,-4.1814574935,4.547559351299999,7.5134629639999995,475
122470,214131,297781,-4.1814574935,4.547559351299999,7.5134629639999995,476
122490,214123,297767,-4.1814574935,4.547559351299999,7.5134629639999995,477
122536,214124,297805,-4.1814574935,4.547559351299999,7.5134629639999995,478
122582,214141,297779,-4.1814574935,4.547559351299999,7.5134629639999995,479
122628,214158,297746,-4.1814574935,4.547559351299999,7.5134629639999995,480
122669,214151,297812,-4.1814574935,4.547559351299999,7.5134629639999995,481
122710,214150,297797,-4.1814574935,4.547559351299999,7.5134629639999995,482
122732,214174,297712,-4.1814574935,4.547559351299999,7.5134629639999995,483
122769,214235,297766,-4.1814574935,4.547559351299999,7.5134629639999995,484
122818,214169,297763,-4.1814574935,4.547559351299999,7.5134629639999995,485
122872,214216,297763,-4.1814574935,4.547559351299999,7.5134629639999995,486
122913,214174,297756,-4.1814574935,4.547559351299999,7.5134629639999995,487
122901,214170,297712,-4.1814574935,4.547559351299999,7.5134629639999995,488
122888,214133,297741,-4.1814574935,4.547559351299999,7.5134629639999995,489
122875,214102,297671,-4.1814574935,4.547559351299999,7.5134629639999995,490
122909,214149,297676,-4.1814574935,4.547559351299999,7.5134629639999995,491
122967,214147,297696,-4.1814574935,4.547559351299999,7.5134629639999995,492
122952,214192,297718,-4.1814574935,4.547559351299999,7.5134629639999995,493
122991,214178,297727,-4.1814574935,4.547559351299999,7.5134629639999995,494
123022,214150,297689,-4.1814574935,4.547559351299999,7.5134629639999995,495
123042,214201,297695,-4.1814574935,4.547559351299999,7.5134629639999995,496
123056,214192,297683,-4.1814574935,4.547559351299999,7.5134629639999995,497
123106,214168,297626,-4.1814574935,4.547559351299999,7.5134629639999995,498
123097,214163,297702,-4.1814574935,4.547559351299999,7.5134629639999995,499
116435,214142,296540,-4.2520457602,4.6145583840999995,7.5984081663000005,500
116529,214161,296547,-4.2520457602,4.6145583840999995,7.5984081663000005,501
116625,214136,296520,-4.2520457602,4.6145583840999995,7.5984081663000005,502
116719,214166,296508,-4.2520457602,4.6145583840999995,7.5984081663000005,503
116838,214183,296533,-4.2520457602,4.6145583840999995,7.5984081663000005,504
116923,214207,296598,-4.2520457602,4.6145583840999995,7.5984081663000005,505
117030,214216,296621,-4.2520457602,4.6145583840999995,7.5984081663000005,506
117119,214192,296642,-4.2520457602,4.6145583840999995,7.5984081663000005,507
117214,214244,296641,-4.2520457602,4.6145583840999995,7.5984081663000005,508
117311,214206,296614,-4.2520457602,4.6145583840999995,7.5984081663000005,509
117420,214272,296606,-4.2520457602,4.6145583840999995,7.5984081663000005,510
117512,214253,296597,-4.2520457602,4.6145583840999995,7.5984081663000005,511
117607,214294,296627,-4.2520457602,4.6145583840999995,7.5984081663000005,512
117679,214218,296632,-4.2520457602,4.6145583840999995,7.5984081663000005,513
117601,214244,296592,-4.2520457602,4.6145583840999995,7.5984081663000005,514
117338,214179,296528,-4.2520457602,4.6145583840999995,7.5984081663000005,515
117056,214155,296544,-4.2520457602,4.6145583840999995,7.5984081663000005,516
116929,214163,296529,-4.2520457602,4.6145583840999995,7.5984081663000005,517
116924,214180,296522,-4.2520457602,4.6145583840999995,7.5984081663000005,518
116950,214199,296585,-4.2520457602,4.6145583840999995,7.5984081663000005,519
117028,214224,296577,-4.2520457602,4.6145583840999995,7.5984081663000005,520
117077,214188,296604,-4.2520457602,4.6145583840999995,7.5984081663000005,521
117141,214198,296639,-4.2520457602,4.6145583840999995,7.5984081663000005,522
117170,214244,296594,-4.2520457602,4.6145583840999995,7.5984081663000005,523
117205,214220,296638,-4.2520457602,4.6145583840999995,7.5984081663000005,524
117217,214241,296627,-4.2520457602,4.6145583840999995,7.5984081663000005,525
117249,214229,296651,-4.2520457602,4.6145583840999995,7.5984081663000005,526
117278,214234,296616,-4.2520457602,4.6145583840999995,7.5984081663000005,527
117368,214259,296646,-4.2520457602,4.6145583840999995,7.5984081663000005,528
117398,214229,296621,-4.2520457602,4.6145583840999995,7.5984081663000005,529
117471,214242,296686,-4.2520457602,4.6145583840999995,7.5984081663000005,530
117519,214256,296653,-4.2520457602,4.6145583840999995,7.5984081663000005,531
117595,214293,296669,-4.2520457602,4.6145583840999995,7.5984081663000005,532
117661,214308,296659,-4.2520457602,4.6145583840999995,7.5984081663000005,533
117733,214287,296668,-4.2520457602,4.6145583840999995,7.5984081663000005,534
117785,214295,296704,-4.2520457602,4.6145583840999995,7.5984081663000005,535
117845,214316,296690,-4.2520457602,4.6145583840999995,7.5984081663000005,536
117924,214342,296706,-4.2520457602,4.6145583840999995,7.5984081663000005,537
117976,214322,296690,-4.2520457602,4.6145583840999995,7.5984081663000005,538
118049,214340,296662,-4.2520457602,4.6145583840999995,7.5984081663000005,539
118117,214327,296674,-4.2520457602,4.6145583840999995,7.5984081663000005,540
118162,214341,296736,-4.2520457602,4.6145583840999995,7.5984081663000005,541
116518,214320,296718,-4.1575292675,4.4590249151000005,7.5517481256,542
116578,214309,296749,-4.1575292675,4.4590249151000005,7.5517481256,543
116654,214331,296713,-4.1575292675,4.4590249151000005,7.5517481256,544
116718,214316,296750,-4.1575292675,4.4590249151000005,7.5517481256,545
116778,214301,296737,-4.1575292675,4.4590249151000005,7.5517481256,546
116836,214318,296755,-4.1575292675,4.4590249151000005,7.5517481256,547
116886,214317,296797,-4.1575292675,4.4590249151000005,7.5517481256,548
116971,214341,296779,-4.1575292675,4.4590249151000005,7.5517481256,549
117036,214355,296728,-4.1575292675,4.4590249151000005,7.5517481256,550
117083,214366,296760,-4.1575292675,4.4590249151000005,7.5517481256,551
117165,214341,296743,-4.1575292675,4.4590249151000005,7.5517481256,552
117184,214329,296773,-4.1575292675,4.4590249151000005,7.5517481256,553
116975,214283,296743,-4.1575292675,4.4590249151000005,7.5517481256,554
116603,214254,296695,-4.1575292675,4.4590249151000005,7.5517481256,555
116241,214199,296622,-4.1575292675,4.4590249151000005,7.5517481256,556
116085,214205,296691,-4.1575292675,4.4590249151000005,7.5517481256,557
116093,214205,296643,-4.1575292675,4.4590249151000005,7.5517481256,558
116163,214231,296708,-4.1575292675,4.4590249151000005,7.5517481256,559
116311,214235,296699,-4.1575292675,4.4590249151000005,7.5517481256,560
116412,214243,296685,-4.1575292675,4.4590249151000005,7.5517481256,561
116498,214263,296768,-4.1575292675,4.4590249151000005,7.5517481256,562
116553,214263,296738,-4.1575292675,4.4590249151000005,7.5517481256,563
116528,214250,296719,-4.1575292675,4.4590249151000005,7.5517481256,564
116552,214280,296738,-4.1575292675,4.4590249151000005,7.5517481256,565
116565,214281,296753,-4.1575292675,4.4590249151000005,7.5517481256,566
116633,214292,296773,-4.1575292675,4.4590249151000005,7.5517481256,567
116701,214293,296745,-4.1575292675,4.4590249151000005,7.5517481256,568
116779,214280,296770,-4.1575292675,4.4590249151000005,7.5517481256,569
116875,214338,296792,-4.1575292675,4.4590249151000005,7.5517481256,570
116943,214294,296817,-4.1575292675,4.4590249151000005,7.5517481256,571
117025,214310,296844,-4.1575292675,4.4590249151000005,7.5517481256,572
117125,214331,296825,-4.1575292675,4.4590249151000005,7.5517481256,573
117223,214314,296855,-4.1575292675,4.4590249151000005,7.5517481256,574
117294,214345,296835,-4.1575292675,4.4590249151000005,7.5517481256,575
117380,214398,296839,-4.1575292675,4.4590249151000005,7.5517481256,576
117446,214343,296850,-4.1575292675,4.4590249151000005,7.5517481256,577
117510,214367,296859,-4.1575292675,4.4590249151000005,7.5517481256,578
117580,214365,296852,-4.1575292675,4.4590249151000005,7.5517481256,579
117605,214365,296841,-4.1575292675,4.4590249151000005,7.5517481256,580
117409,214278,296809,-4.1575292675,4.4590249151000005,7.5517481256,581
116974,214251,296770,-4.1575292675,4.4590249151000005,7.5517481256,582
116551,214205,296730,-4.1575292675,4.4590249151000005,7.5517481256,583
117141,214175,297055,-4.1336010414999995,4.522434714,7.549355303,584
117268,214210,297070,-4.1336010414999995,4.522434714,7.549355303,585
117376,214201,297087,-4.1336010414999995,4.522434714,7.549355303,586
117422,214199,297048,-4.1336010414999995,4.522434714,7.549355303,587
117497,214172,297056,-4.1336010414999995,4.522434714,7.549355303,588
117621,214206,297100,-4.1336010414999995,4.522434714,7.549355303,589
117712,214172,297125,-4.1336010414999995,4.522434714,7.549355303,590
117842,214196,297126,-4.1336010414999995,4.522434714,7.549355303,591
118000,214225,297110,-4.1336010414999995,4.522434714,7.549355303,592
118103,214253,297139,-4.1336010414999995,4.522434714,7.549355303,593
118262,214266,297117,-4.1336010414999995,4.522434714,7.549355303,594
118367,214284,297170,-4.1336010414999995,4.522434714,7.549355303,595
118496,214270,297139,-4.1336010414999995,4.522434714,7.549355303,596
118646,214288,297130,-4.1336010414999995,4.522434714,7.549355303,597
118784,214287,297159,-4.1336010414999995,4.522434714,7.549355303,598
118922,214309,297186,-4.1336010414999995,4.522434714,7.549355303,599
119059,214346,297154,-4.1336010414999995,4.522434714,7.549355303,600
119122,214292,297199,-4.1336010414999995,4.522434714,7.549355303,601
119079,214276,297110,-4.1336010414999995,4.522434714,7.549355303,602
118943,214200,297148,-4.1336010414999995,4.522434714,7.549355303,603
118864,214246,297070,-4.1336010414999995,4.522434714,7.549355303,604
118897,214263,297148,-4.1336010414999995,4.522434714,7.549355303,605
118973,214253,297128,-4.1336010414999995,4.522434714,7.549355303,606
119099,214239,297145,-4.1336010414999995,4.522434714,7.549355303,607
119203,214287,297178,-4.1336010414999995,4.522434714,7.549355303,608
119329,214272,297180,-4.1336010414999995,4.522434714,7.549355303,609
119450,214311,297179,-4.1336010414999995,4.522434714,7.549355303,610
119544,214296,297170,-4.1336010414999995,4.522434714,7.549355303,611
119633,214311,297185,-4.1336010414999995,4.522434714,7.549355303,612
119697,214315,297154,-4.1336010414999995,4.522434714,7.549355303,613
119797,214325,297206,-4.1336010414999995,4.522434714,7.549355303,614
119905,214312,297226,-4.1336010414999995,4.522434714,7.549355303,615
120016,214349,297165,-4.1336010414999995,4.522434714,7.549355303,616
120117,214349,297213,-4.1336010414999995,4.522434714,7.549355303,617
120224,214379,297207,-4.1336010414999995,4.522434714,7.549355303,618
120334,214404,297205,-4.1336010414999995,4.522434714,7.549355303,619
120456,214415,297195,-4.1336010414999995,4.522434714,7.549355303,620
120549,214432,297205,-4.1336010414999995,4.522434714,7.549355303,621
120652,214386,297185,-4.1336010414999995,4.522434714,7.549355303,622
120763,214418,297270,-4.1730826144,4.6456650779,7.597211754999999,623
120868,214439,297260,-4.1730826144,4.6456650779,7.597211754999999,624
120962,214452,297264,-4.1730826144,4.6456650779,7.597211754999999,625
121048,214451,297215,-4.1730826144,4.6456650779,7.597211754999999,626
121135,214436,297196,-4.1730826144,4.6456650779,7.597211754999999,627
121243,214480,297255,-4.1730826144,4.6456650779,7.597211754999999,628
121334,214468,297258,-4.1730826144,4.6456650779,7.597211754999999,629
121405,214483,297298,-4.1730826144,4.6456650779,7.597211754999999,630
121525,214500,297212,-4.1730826144,4.6456650779,7.597211754999999,631
121612,214479,297248,-4.1730826144,4.6456650779,7.597211754999999,632
121679,214494,297181,-4.1730826144,4.6456650779,7.597211754999999,633
121686,214473,297187,-4.1730826144,4.6456650779,7.597211754999999,634
121680,214416,297167,-4.1730826144,4.6456650779,7.597211754999999,635
121593,214382,297148,-4.1730826144,4.6456650779,7.597211754999999,636
121545,214377,297143,-4.1730826144,4.6456650779,7.597211754999999,637
121567,214438,297169,-4.1730826144,4.6456650779,7.597211754999999,638
121623,214450,297148,-4.1730826144,4.6456650779,7.597211754999999,639
121665,214449,297159,-4.1730826144,4.6456650779,7.597211754999999,640
121744,214439,297169,-4.1730826144,4.6456650779,7.597211754999999,641
121809,214442,297160,-4.1730826144,4.6456650779,7.597211754999999,642
121855,214499,297193,-4.1730826144,4.6456650779,7.597211754999999,643
121904,214465,297142,-4.1730826144,4.6456650779,7.597211754999999,644
121933,214419,297173,-4.1730826144,4.6456650779,7.597211754999999,645
121986,214487,297137,-4.1730826144,4.6456650779,7.597211754999999,646
122017,214481,297137,-4.1730826144,4.6456650779,7.597211754999999,647
122086,214459,297133,-4.1730826144,4.6456650779,7.597211754999999,648
122132,214457,297121,-4.1730826144,4.6456650779,7.597211754999999,649
122207,214487,297144,-4.1730826144,4.6456650779,7.597211754999999,650
122230,214514,297172,-4.1730826144,4.6456650779,7.597211754999999,651
122285,214547,297113,-4.1730826144,4.6456650779,7.597211754999999,652
122336,214517,297109,-4.1730826144,4.6456650779,7.597211754999999,653
122389,214528,297171,-4.1730826144,4.6456650779,7.597211754999999,654
122454,214544,297174,-4.1730826144,4.6456650779,7.597211754999999,655
122467,214502,297133,-4.1730826144,4.6456650779,7.597211754999999,656
122521,214520,297136,-4.1730826144,4.6456650779,7.597211754999999,657
122570,214511,297149,-4.1730826144,4.6456650779,7.597211754999999,658
122597,214562,297170,-4.1730826144,4.6456650779,7.597211754999999,659
122618,214541,297143,-4.1730826144,4.6456650779,7.597211754999999,660
122662,214499,297107,-4.1730826144,4.6456650779,7.597211754999999,661
122703,214545,297107,-4.1730826144,4.6456650779,7.597211754999999,662
122757,214552,297055,-4.1730826144,4.6456650779,7.597211754999999,663
122773,214547,297088,-4.1730826144,4.6456650779,7.597211754999999,664
121723,214469,296760,-4.2029928969000006,4.5355952383,7.5996045776,665
121366,214415,296694,-4.2029928969000006,4.5355952383,7.5996045776,666
120940,214425,296662,-4.2029928969000006,4.5355952383,7.5996045776,667
120613,214422,296639,-4.2029928969000006,4.5355952383,7.5996045776,668
120401,214428,296686,-4.2029928969000006,4.5355952383,7.5996045776,669
120294,214427,296671,-4.2029928969000006,4.5355952383,7.5996045776,670
120268,214468,296690,-4.2029928969000006,4.5355952383,7.5996045776,671
120197,214448,296613,-4.2029928969000006,4.5355952383,7.5996045776,672
120159,214453,296661,-4.2029928969000006,4.5355952383,7.5996045776,673
120099,214451,296630,-4.2029928969000006,4.5355952383,7.5996045776,674
119973,214470,296645,-4.2029928969000006,4.5355952383,7.5996045776,675
119848,214445,296645,-4.2029928969000006,4.5355952383,7.5996045776,676
119779,214461,296635,-4.2029928969000006,4.5355952383,7.5996045776,677
119707,214448,296626,-4.2029928969000006,4.5355952383,7.5996045776,678
119680,214480,296640,-4.2029928969000006,4.5355952383,7.5996045776,679
119638,214491,296613,-4.2029928969000006,4.5355952383,7.5996045776,680
119622,214499,296605,-4.2029928969000006,4.5355952383,7.5996045776,681
119609,214501,296629,-4.2029928969000006,4.5355952383,7.5996045776,682
119587,214514,296605,-4.2029928969000006,4.5355952383,7.5996045776,683
119571,214509,296637,-4.2029928969000006,4.5355952383,7.5996045776,684
119576,214534,296604,-4.2029928969000006,4.5355952383,7.5996045776,685
119572,214537,296583,-4.2029928969000006,4.5355952383,7.5996045776,686
119571,214519,296616,-4.2029928969000006,4.5355952383,7.5996045776,687
119590,214527,296588,-4.2029928969000006,4.5355952383,7.5996045776,688
119592,214552,296584,-4.2029928969000006,4.5355952383,7.5996045776,689
119640,214556,296593,-4.2029928969000006,4.5355952383,7.5996045776,690
119631,214535,296554,-4.2029928969000006,4.5355952383,7.5996045776,691
119635,214533,296602,-4.2029928969000006,4.5355952383,7.5996045776,692
119668,214528,296553,-4.2029928969000006,4.5355952383,7.5996045776,693
119656,214539,296514,-4.2029928969000006,4.5355952383,7.5996045776,694
119546,214503,296536,-4.2029928969000006,4.5355952383,7.5996045776,695
119178,214478,296520,-4.2029928969000006,4.5355952383,7.5996045776,696
118698,214399,296456,-4.2029928969000006,4.5355952383,7.5996045776,697
118301,214394,296432,-4.2029928969000006,4.5355952383,7.5996045776,698
118126,214387,296446,-4.2029928969000006,4.5355952383,7.5996045776,699
118021,214421,296441,-4.2029928969000006,4.5355952383,7.5996045776,700
118001,214477,296476,-4.2029928969000006,4.5355952383,7.5996045776,701
117972,214460,296446,-4.2029928969000006,4.5355952383,7.5996045776,702
117971,214465,296464,-4.2029928969000006,4.5355952383,7.5996045776,703
117969,214474,296483,-4.2209390664,4.560719875599999,7.6426753844,704
117958,214482,296426,-4.2209390664,4.560719875599999,7.6426753844,705
117864,214470,296448,-4.2209390664,4.560719875599999,7.6426753844,706
117809,214464,296397,-4.2209390664,4.560719875599999,7.6426753844,707
117768,214463,296472,-4.2209390664,4.560719875599999,7.6426753844,708
117772,214482,296424,-4.2209390664,4.560719875599999,7.6426753844,709
117775,214473,296428,-4.2209390664,4.560719875599999,7.6426753844,710
117832,214458,296465,-4.2209390664,4.560719875599999,7.6426753844,711
117840,214458,296471,-4.2209390664,4.560719875599999,7.6426753844,712
117860,214460,296465,-4.2209390664,4.560719875599999,7.6426753844,713
117900,214509,296476,-4.2209390664,4.560719875599999,7.6426753844,714
117946,214511,296453,-4.2209390664,4.560719875599999,7.6426753844,715
118003,214478,296509,-4.2209390664,4.560719875599999,7.6426753844,716
118051,214484,296469,-4.2209390664,4.560719875599999,7.6426753844,717
118106,214507,296440,-4.2209390664,4.560719875599999,7.6426753844,718
118166,214519,296551,-4.2209390664,4.560719875599999,7.6426753844,719
118201,214507,296496,-4.2209390664,4.560719875599999,7.6426753844,720
118291,214532,296500,-4.2209390664,4.560719875599999,7.6426753844,721
118331,214526,296458,-4.2209390664,4.560719875599999,7.6426753844,722
118390,214522,296489,-4.2209390664,4.560719875599999,7.6426753844,723
118449,214545,296483,-4.2209390664,4.560719875599999,7.6426753844,724
118513,214498,296510,-4.2209390664,4.560719875599999,7.6426753844,725
118546,214535,296506,-4.2209390664,4.560719875599999,7.6426753844,726
118467,214491,296439,-4.2209390664,4.560719875599999,7.6426753844,727
118174,214437,296424,-4.2209390664,4.560719875599999,7.6426753844,728
117772,214419,296417,-4.2209390664,4.560719875599999,7.6426753844,729
117481,214403,296424,-4.2209390664,4.560719875599999,7.6426753844,730
117416,214394,296438,-4.2209390664,4.560719875599999,7.6426753844,731
117440,214414,296454,-4.2209390664,4.560719875599999,7.6426753844,732
117512,214458,296484,-4.2209390664,4.560719875599999,7.6426753844,733
117578,214426,296422,-4.2209390664,4.560719875599999,7.6426753844,734
117654,214473,296454,-4.2209390664,4.560719875599999,7.6426753844,735
117703,214486,296429,-4.2209390664,4.560719875599999,7.6426753844,736
117738,214438,296453,-4.2209390664,4.560719875599999,7.6426753844,737
117717,214462,296459,-4.2209390664,4.560719875599999,7.6426753844,738
117697,214469,296447,-4.2209390664,4.560719875599999,7.6426753844,739
117729,214441,296485,-4.2209390664,4.560719875599999,7.6426753844,740
117774,214452,296482,-4.2209390664,4.560719875599999,7.6426753844,741
117831,214497,296495,-4.2209390664,4.560719875599999,7.6426753844,742
117923,214504,296543,-4.2209390664,4.560719875599999,7.6426753844,743
117969,214491,296536,-4.2209390664,4.560719875599999,7.6426753844,744
118045,214467,296532,-4.2209390664,4.560719875599999,7.6426753844,745
117031,214422,296562,-4.2161534212,4.5379880609,7.5900332872,746
117028,214439,296599,-4.2161534212,4.5379880609,7.5900332872,747
116993,214394,296609,-4.2161534212,4.5379880609,7.5900332872,748
116941,214383,296584,-4.2161534212,4.5379880609,7.5900332872,749
116885,214391,296594,-4.2161534212,4.5379880609,7.5900332872,750
116866,214426,296567,-4.2161534212,4.5379880609,7.5900332872,751
116917,214395,296646,-4.2161534212,4.5379880609,7.5900332872,752
116954,214417,296606,-4.2161534212,4.5379880609,7.5900332872,753
116977,214439,296655,-4.2161534212,4.5379880609,7.5900332872,754
117026,214436,296634,-4.2161534212,4.5379880609,7.5900332872,755
117060,214445,296643,-4.2161534212,4.5379880609,7.5900332872,756
117107,214426,296698,-4.2161534212,4.5379880609,7.5900332872,757
117166,214449,296665,-4.2161534212,4.5379880609,7.5900332872,758
117210,214434,296663,-4.2161534212,4.5379880609,7.5900332872,759
117260,214462,296705,-4.2161534212,4.5379880609,7.5900332872,760
117320,214452,296697,-4.2161534212,4.5379880609,7.5900332872,761
117360,214470,296711,-4.2161534212,4.5379880609,7.5900332872,762
117414,214494,296721,-4.2161534212,4.5379880609,7.5900332872,763
117366,214478,296685,-4.2161534212,4.5379880609,7.5900332872,764
117094,214411,296646,-4.2161534212,4.5379880609,7.5900332872,765
116592,214351,296645,-4.2161534212,4.5379880609,7.5900332872,766
116123,214340,296591,-4.2161534212,4.5379880609,7.5900332872,767
115905,214313,296612,-4.2161534212,4.5379880609,7.5900332872,768
115863,214331,296606,-4.2161534212,4.5379880609,7.5900332872,769
115889,214298,296572,-4.2161534212,4.5379880609,7.5900332872,770
115931,214333,296648,-4.2161534212,4.5379880609,7.5900332872,771
116006,214317,296661,-4.2161534212,4.5379880609,7.5900332872,772
116047,214330,296625,-4.2161534212,4.5379880609,7.5900332872,773
116027,214333,296714,-4.2161534212,4.5379880609,7.5900332872,774
115973,214326,296675,-4.2161534212,4.5379880609,7.5900332872,775
115936,214321,296673,-4.2161534212,4.5379880609,7.5900332872,776
115919,214353,296680,-4.2161534212,4.5379880609,7.5900332872,777
115941,214378,296719,-4.235296002,4.5152562462,7.570890706399999,778
115993,214357,296723,-4.235296002,4.5152562462,7.570890706399999,779
116017,214373,296719,-4.235296002,4.5152562462,7.570890706399999,780
116078,214336,296770,-4.235296002,4.5152562462,7.570890706399999,781
116116,214357,296744,-4.235296002,4.5152562462,7.570890706399999,782
116162,214353,296790,-4.235296002,4.5152562462,7.570890706399999,783
116208,214368,296769,-4.235296002,4.5152562462,7.570890706399999,784
116273,214350,296776,-4.235296002,4.5152562462,7.570890706399999,785
116328,214350,296756,-4.235296002,4.5152562462,7.570890706399999,786
116395,214375,296733,-4.235296002,4.5152562462,7.570890706399999,787
116419,214366,296775,-4.235296002,4.5152562462,7.570890706399999,788
116490,214359,296811,-4.235296002,4.5152562462,7.570890706399999,789
116552,214378,296784,-4.235296002,4.5152562462,7.570890706399999,790
116535,214354,296758,-4.235296002,4.5152562462,7.570890706399999,791
116286,214289,296722,-4.235296002,4.5152562462,7.570890706399999,792
115797,214245,296655,-4.235296002,4.5152562462,7.570890706399999,793
115342,214192,296693,-4.235296002,4.5152562462,7.570890706399999,794
115154,214149,296651,-4.235296002,4.5152562462,7.570890706399999,795
115149,214174,296629,-4.235296002,4.5152562462,7.570890706399999,796
115205,214195,296721,-4.235296002,4.5152562462,7.570890706399999,797
115322,214173,296730,-4.235296002,4.5152562462,7.570890706399999,798
115407,214192,296746,-4.235296002,4.5152562462,7.570890706399999,799
115473,214219,296754,-4.235296002,4.5152562462,7.570890706399999,800
115483,214228,296736,-4.235296002,4.5152562462,7.570890706399999,801
115458,214200,296733,-4.235296002,4.5152562462,7.570890706399999,802
115423,214215,296728,-4.235296002,4.5152562462,7.570890706399999,803
115413,214180,296759,-4.235296002,4.5152562462,7.570890706399999,804
115459,214208,296781,-4.235296002,4.5152562462,7.570890706399999,805
115521,214200,296807,-4.235296002,4.5152562462,7.570890706399999,806
115573,214216,296798,-4.235296002,4.5152562462,7.570890706399999,807
115655,214230,296820,-4.235296002,4.5152562462,7.570890706399999,808
115698,214224,296805,-4.235296002,4.5152562462,7.570890706399999,809
115753,214228,296836,-4.235296002,4.5152562462,7.570890706399999,810
115832,214224,296791,-4.235296002,4.5152562462,7.570890706399999,811
115899,214230,296833,-4.235296002,4.5152562462,7.570890706399999,812
115954,214237,296858,-4.235296002,4.5152562462,7.570890706399999,813
116008,214226,296851,-4.235296002,4.5152562462,7.570890706399999,814
116077,214251,296867,-4.235296002,4.5152562462,7.570890706399999,815
116166,214260,296855,-4.235296002,4.5152562462,7.570890706399999,816
116051,214212,296843,-4.235296002,4.5152562462,7.570890706399999,817
115726,214157,296841,-4.235296002,4.5152562462,7.570890706399999,818
115239,214052,296766,-4.235296002,4.5152562462,7.570890706399999,819
116065,214117,296969,-4.1922251952,4.5140598349,7.5900332872,820
115571,214036,296959,-4.1922251952,4.5140598349,7.5900332872,821
115240,214003,296912,-4.1922251952,4.5140598349,7.5900332872,822
115146,214032,296954,-4.1922251952,4.5140598349,7.5900332872,823
115160,214008,296964,-4.1922251952,4.5140598349,7.5900332872,824
115259,214047,296987,-4.1922251952,4.5140598349,7.5900332872,825
115345,214051,297000,-4.1922251952,4.5140598349,7.5900332872,826
115408,214073,297043,-4.1922251952,4.5140598349,7.5900332872,827
115506,214082,297016,-4.1922251952,4.5140598349,7.5900332872,828
115553,214061,297053,-4.1922251952,4.5140598349,7.5900332872,829
115536,214081,297025,-4.1922251952,4.5140598349,7.5900332872,830
115547,214066,297048,-4.1922251952,4.5140598349,7.5900332872,831
115597,214096,297069,-4.1922251952,4.5140598349,7.5900332872,832
115651,214093,297097,-4.1922251952,4.5140598349,7.5900332872,833
115754,214098,297124,-4.1922251952,4.5140598349,7.5900332872,834
115829,214125,297072,-4.1922251952,4.5140598349,7.5900332872,835
115914,214125,297109,-4.1922251952,4.5140598349,7.5900332872,836
115998,214127,297133,-4.1922251952,4.5140598349,7.5900332872,837
116099,214153,297113,-4.1922251952,4.5140598349,7.5900332872,838
116182,214141,297154,-4.1922251952,4.5140598349,7.5900332872,839
116273,214147,297135,-4.1922251952,4.5140598349,7.5900332872,840
116347,214143,297174,-4.1922251952,4.5140598349,7.5900332872,841
116439,214181,297144,-4.1922251952,4.5140598349,7.5900332872,842
116539,214170,297196,-4.1922251952,4.5140598349,7.5900332872,843
116609,214156,297203,-4.1922251952,4.5140598349,7.5900332872,844
116675,214188,297155,-4.1922251952,4.5140598349,7.5900332872,845
116602,214147,297180,-4.1922251952,4.5140598349,7.5900332872,846
116232,214081,297095,-4.1922251952,4.5140598349,7.5900332872,847
115745,214019,297097,-4.1922251952,4.5140598349,7.5900332872,848
115464,214019,297081,-4.1922251952,4.5140598349,7.5900332872,849
115409,213993,297082,-4.1922251952,4.5140598349,7.5900332872,850
115461,214021,297114,-4.1922251952,4.5140598349,7.5900332872,851
115547,214040,297143,-4.1922251952,4.5140598349,7.5900332872,852
115634,214046,297136,-4.1922251952,4.5140598349,7.5900332872,853
115722,214028,297163,-4.1922251952,4.5140598349,7.5900332872,854
115802,214045,297135,-4.1922251952,4.5140598349,7.5900332872,855
115794,214065,297174,-4.1922251952,4.5140598349,7.5900332872,856
115754,214057,297206,-4.1922251952,4.5140598349,7.5900332872,857
115762,214059,297195,-4.1922251952,4.5140598349,7.5900332872,858
115819,214074,297165,-4.1922251952,4.5140598349,7.5900332872,859
115866,214045,297159,-4.1922251952,4.5140598349,7.5900332872,860
115928,214104,297248,-4.1922251952,4.5140598349,7.5900332872,861
116205,214114,297268,-4.2185462438,4.522434714,7.6115686905999995,862
116269,214103,297251,-4.2185462438,4.522434714,7.6115686905999995,863
116348,214140,297252,-4.2185462438,4.522434714,7.6115686905999995,864
116411,214119,297251,-4.2185462438,4.522434714,7.6115686905999995,865
116499,214130,297248,-4.2185462438,4.522434714,7.6115686905999995,866
116557,214130,297281,-4.2185462438,4.522434714,7.6115686905999995,867
116623,214156,297283,-4.2185462438,4.522434714,7.6115686905999995,868
116693,214155,297274,-4.2185462438,4.522434714,7.6115686905999995,869
116691,214091,297253,-4.2185462438,4.522434714,7.6115686905999995,870
116495,214074,297258,-4.2185462438,4.522434714,7.6115686905999995,871
116083,214022,297144,-4.2185462438,4.522434714,7.6115686905999995,872
115658,213955,297109,-4.2185462438,4.522434714,7.6115686905999995,873
115403,213944,297151,-4.2185462438,4.522434714,7.6115686905999995,874
115371,213959,297148,-4.2185462438,4.522434714,7.6115686905999995,875
115422,213988,297159,-4.2185462438,4.522434714,7.6115686905999995,876
115516,213992,297190,-4.2185462438,4.522434714,7.6115686905999995,877
115620,214034,297156,-4.2185462438,4.522434714,7.6115686905999995,878
115688,213971,297243,-4.2185462438,4.522434714,7.6115686905999995,879
115703,214007,297169,-4.2185462438,4.522434714,7.6115686905999995,880
115677,213984,297178,-4.2185462438,4.522434714,7.6115686905999995,881
115632,213966,297186,-4.2185462438,4.522434714,7.6115686905999995,882
115619,214001,297183,-4.2185462438,4.522434714,7.6115686905999995,883
115670,213984,297214,-4.2185462438,4.522434714,7.6115686905999995,884
115714,213968,297153,-4.2185462438,4.522434714,7.6115686905999995,885
115781,213999,297208,-4.2185462438,4.522434714,7.6115686905999995,886
115803,213996,297181,-4.2185462438,4.522434714,7.6115686905999995,887
115887,213982,297204,-4.2185462438,4.522434714,7.6115686905999995,888
115931,213986,297181,-4.2185462438,4.522434714,7.6115686905999995,889
115997,214010,297194,-4.2185462438,4.522434714,7.6115686905999995,890
116033,213996,297194,-4.2185462438,4.522434714,7.6115686905999995,891
116111,213992,297254,-4.2185462438,4.522434714,7.6115686905999995,892
116147,213977,297186,-4.2185462438,4.522434714,7.6115686905999995,893
116224,213998,297244,-4.2185462438,4.522434714,7.6115686905999995,894
116276,214003,297223,-4.2185462438,4.522434714,7.6115686905999995,895
116329,214032,297230,-4.2185462438,4.522434714,7.6115686905999995,896
116275,214021,297226,-4.2185462438,4.522434714,7.6115686905999995,897
115966,213942,297216,-4.2185462438,4.522434714,7.6115686905999995,898
115533,213886,297105,-4.2185462438,4.522434714,7.6115686905999995,899
115182,213860,297102,-4.2185462438,4.522434714,7.6115686905999995,900
115063,213848,297119,-4.2185462438,4.522434714,7.6115686905999995,901
115083,213882,297178,-4.2185462438,4.522434714,7.6115686905999995,902
115179,213897,297151,-4.2185462438,4.522434714,7.6115686905999995,903
115112,213789,297298,-4.2053857195,4.6229332632,7.6139615132000005,904
115177,213806,297324,-4.2053857195,4.6229332632,7.6139615132000005,905
115282,213807,297317,-4.2053857195,4.6229332632,7.6139615132000005,906
115397,213846,297349,-4.2053857195,4.6229332632,7.6139615132000005,907
115513,213835,297389,-4.2053857195,4.6229332632,7.6139615132000005,908
115560,213854,297373,-4.2053857195,4.6229332632,7.6139615132000005,909
115535,213807,297337,-4.2053857195,4.6229332632,7.6139615132000005,910
115511,213823,297384,-4.2053857195,4.6229332632,7.6139615132000005,911
115513,213810,297350,-4.2053857195,4.6229332632,7.6139615132000005,912
115534,213812,297360,-4.2053857195,4.6229332632,7.6139615132000005,913
115609,213824,297404,-4.2053857195,4.6229332632,7.6139615132000005,914
115679,213882,297410,-4.2053857195,4.6229332632,7.6139615132000005,915
115717,213863,297411,-4.2053857195,4.6229332632,7.6139615132000005,916
115788,213859,297422,-4.2053857195,4.6229332632,7.6139615132000005,917
115841,213901,297369,-4.2053857195,4.6229332632,7.6139615132000005,918
115897,213866,297335,-4.2053857195,4.6229332632,7.6139615132000005,919
115942,213888,297384,-4.2053857195,4.6229332632,7.6139615132000005,920
115994,213881,297407,-4.2053857195,4.6229332632,7.6139615132000005,921
116078,213869,297376,-4.2053857195,4.6229332632,7.6139615132000005,922
116139,213894,297395,-4.2053857195,4.6229332632,7.6139615132000005,923
116182,213896,297420,-4.2053857195,4.6229332632,7.6139615132000005,924
116219,213862,297357,-4.2053857195,4.6229332632,7.6139615132000005,925
116025,213826,297364,-4.2053857195,4.6229332632,7.6139615132000005,926
115596,213762,297269,-4.2053857195,4.6229332632,7.6139615132000005,927
115167,213693,297279,-4.2053857195,4.6229332632,7.6139615132000005,928
114944,213700,297231,-4.2053857195,4.6229332632,7.6139615132000005,929
114911,213713,297262,-4.2053857195,4.6229332632,7.6139615132000005,930
114982,213757,297320,-4.2053857195,4.6229332632,7.6139615132000005,931
115076,213777,297302,-4.2053857195,4.6229332632,7.6139615132000005,932
115193,213799,297321,-4.2053857195,4.6229332632,7.6139615132000005,933
115300,213797,297309,-4.2053857195,4.6229332632,7.6139615132000005,934
115316,213777,297309,-4.2053857195,4.6229332632,7.6139615132000005,935
115329,213762,297323,-4.2053857195,4.6229332632,7.6139615132000005,936
115285,213799,297328,-4.2053857195,4.6229332632,7.6139615132000005,937
115280,213769,297341,-4.2053857195,4.6229332632,7.6139615132000005,938
115318,213797,297317,-4.2053857195,4.6229332632,7.6139615132000005,939
115410,213831,297391,-4.2053857195,4.6229332632,7.6139615132000005,940
115495,213848,297357,-4.2053857195,4.6229332632,7.6139615132000005,941
115562,213828,297374,-4.2053857195,4.6229332632,7.6139615132000005,942
115665,213865,297411,-4.2053857195,4.6229332632,7.6139615132000005,943
115729,213831,297377,-4.2053857195,4.6229332632,7.6139615132000005,944
115812,213893,297388,-4.2053857195,4.6229332632,7.6139615132000005,945
116110,213922,297468,-4.1958144290999995,4.4961136654,7.5804619967999995,946
116036,213846,297402,-4.1958144290999995,4.4961136654,7.5804619967999995,947
115693,213829,297358,-4.1958144290999995,4.4961136654,7.5804619967999995,948
115179,213735,297253,-4.1958144290999995,4.4961136654,7.5804619967999995,949
114806,213720,297290,-4.1958144290999995,4.4961136654,7.5804619967999995,950
114661,213727,297317,-4.1958144290999995,4.4961136654,7.5804619967999995,951
114665,213756,297305,-4.1958144290999995,4.4961136654,7.5804619967999995,952
114753,213772,297292,-4.1958144290999995,4.4961136654,7.5804619967999995,953
114871,213778,297381,-4.1958144290999995,4.4961136654,7.5804619967999995,954
114947,213788,297370,-4.1958144290999995,4.4961136654,7.5804619967999995,955
115030,213818,297340,-4.1958144290999995,4.4961136654,7.5804619967999995,956
115062,213770,297430,-4.1958144290999995,4.4961136654,7.5804619967999995,957
115057,213784,297422,-4.1958144290999995,4.4961136654,7.5804619967999995,958
115048,213791,297377,-4.1958144290999995,4.4961136654,7.5804619967999995,959
115078,213825,297427,-4.1958144290999995,4.4961136654,7.5804619967999995,960
115124,213816,297404,-4.1958144290999995,4.4961136654,7.5804619967999995,961
115204,213840,297452,-4.1958144290999995,4.4961136654,7.5804619967999995,962
115286,213832,297435,-4.1958144290999995,4.4961136654,7.5804619967999995,963
115388,213844,297455,-4.1958144290999995,4.4961136654,7.5804619967999995,964
115458,213877,297441,-4.1958144290999995,4.4961136654,7.5804619967999995,965
115547,213879,297510,-4.1958144290999995,4.4961136654,7.5804619967999995,966
115638,213888,297438,-4.1958144290999995,4.4961136654,7.5804619967999995,967
115721,213890,297526,-4.1958144290999995,4.4961136654,7.5804619967999995,968
115791,213922,297471,-4.1958144290999995,4.4961136654,7.5804619967999995,969
115880,213904,297486,-4.1958144290999995,4.4961136654,7.5804619967999995,970
115971,213931,297452,-4.1958144290999995,4.4961136654,7.5804619967999995,971
116012,213881,297475,-4.1958144290999995,4.4961136654,7.5804619967999995,972
115842,213869,297456,-4.1958144290999995,4.4961136654,7.5804619967999995,973
115390,213774,297397,-4.1958144290999995,4.4961136654,7.5804619967999995,974
114949,213718,297378,-4.1958144290999995,4.4961136654,7.5804619967999995,975
114700,213743,297353,-4.1958144290999995,4.4961136654,7.5804619967999995,976
114647,213722,297406,-4.1958144290999995,4.4961136654,7.5804619967999995,977
114722,213779,297422,-4.1958144290999995,4.4961136654,7.5804619967999995,978
114819,213763,297507,-4.1958144290999995,4.4961136654,7.5804619967999995,979
114950,213809,297525,-4.1958144290999995,4.4961136654,7.5804619967999995,980
115052,213838,297471,-4.1958144290999995,4.4961136654,7.5804619967999995,981
115122,213830,297455,-4.1958144290999995,4.4961136654,7.5804619967999995,982
115125,213800,297457,-4.1958144290999995,4.4961136654,7.5804619967999995,983
115119,213823,297469,-4.1958144290999995,4.4961136654,7.5804619967999995,984
115130,213831,297411,-4.1958144290999995,4.4961136654,7.5804619967999995,985
115193,213793,297452,-4.1958144290999995,4.4961136654,7.5804619967999995,986
115255,213860,297459,-4.1958144290999995,4.4961136654,7.5804619967999995,987
115546,213788,297577,-4.3046878574,4.560719875599999,7.6043902228,988
115626,213863,297556,-4.3046878574,4.560719875599999,7.6043902228,989
115754,213902,297583,-4.3046878574,4.560719875599999,7.6043902228,990
115834,213910,297566,-4.3046878574,4.560719875599999,7.6043902228,991
115855,213867,297591,-4.3046878574,4.560719875599999,7.6043902228,992
115852,213875,297599,-4.3046878574,4.560719875599999,7.6043902228,993
115837,213908,297593,-4.3046878574,4.560719875599999,7.6043902228,994
115866,213931,297639,-4.3046878574,4.560719875599999,7.6043902228,995
115906,213899,297618,-4.3046878574,4.560719875599999,7.6043902228,996
115979,213901,297625,-4.3046878574,4.560719875599999,7.6043902228,997
116046,213940,297589,-4.3046878574,4.560719875599999,7.6043902228,998
116123,213931,297618,-4.3046878574,4.560719875599999,7.6043902228,999
116180,213948,297618,-4.3046878574,4.560719875599999,7.6043902228,1000
116261,213990,297640,-4.3046878574,4.560719875599999,7.6043902228,1001
116357,213969,297619,-4.3046878574,4.560719875599999,7.6043902228,1002
116422,213971,297612,-4.3046878574,4.560719875599999,7.6043902228,1003
116499,213992,297677,-4.3046878574,4.560719875599999,7.6043902228,1004
116605,213975,297670,-4.3046878574,4.560719875599999,7.6043902228,1005
116655,214008,297653,-4.3046878574,4.560719875599999,7.6043902228,1006
116746,214016,297633,-4.3046878574,4.560719875599999,7.6043902228,1007
116815,214041,297681,-4.3046878574,4.560719875599999,7.6043902228,1008
116888,214012,297668,-4.3046878574,4.560719875599999,7.6043902228,1009
116946,214057,297694,-4.3046878574,4.560719875599999,7.6043902228,1010
116999,214013,297695,-4.3046878574,4.560719875599999,7.6043902228,1011
116918,213986,297656,-4.3046878574,4.560719875599999,7.6043902228,1012
116571,213905,297595,-4.3046878574,4.560719875599999,7.6043902228,1013
116063,213848,297558,-4.3046878574,4.560719875599999,7.6043902228,1014
115663,213844,297534,-4.3046878574,4.560719875599999,7.6043902228,1015
115523,213869,297587,-4.3046878574,4.560719875599999,7.6043902228,1016
115557,213891,297542,-4.3046878574,4.560719875599999,7.6043902228,1017
115626,213905,297567,-4.3046878574,4.560719875599999,7.6043902228,1018
115702,213910,297531,-4.3046878574,4.560719875599999,7.6043902228,1019
115802,213910,297621,-4.3046878574,4.560719875599999,7.6043902228,1020
115829,213939,297602,-4.3046878574,4.560719875599999,7.6043902228,1021
115811,213917,297599,-4.3046878574,4.560719875599999,7.6043902228,1022
115782,213858,297590,-4.3046878574,4.560719875599999,7.6043902228,1023
115764,213908,297573,-4.3046878574,4.560719875599999,7.6043902228,1024
115763,213867,297598,-4.3046878574,4.560719875599999,7.6043902228,1025
115806,213885,297622,-4.3046878574,4.560719875599999,7.6043902228,1026
115844,213931,297551,-4.3046878574,4.560719875599999,7.6043902228,1027
115916,213967,297606,-4.3046878574,4.560719875599999,7.6043902228,1028
115955,213945,297604,-4.3046878574,4.560719875599999,7.6043902228,1029
116199,213958,297603,-4.223331889,4.5834516903,7.542176835199999,1030
116265,213969,297595,-4.223331889,4.5834516903,7.542176835199999,1031
116350,214008,297600,-4.223331889,4.5834516903,7.542176835199999,1032
116416,213985,297571,-4.223331889,4.5834516903,7.542176835199999,1033
116271,213961,297576,-4.223331889,4.5834516903,7.542176835199999,1034
115879,213871,297546,-4.223331889,4.5834516903,7.542176835199999,1035
115394,213800,297470,-4.223331889,4.5834516903,7.542176835199999,1036
115090,213786,297450,-4.223331889,4.5834516903,7.542176835199999,1037
115005,213833,297470,-4.223331889,4.5834516903,7.542176835199999,1038
115022,213819,297478,-4.223331889,4.5834516903,7.542176835199999,1039
115131,213870,297522,-4.223331889,4.5834516903,7.542176835199999,1040
115255,213877,297524,-4.223331889,4.5834516903,7.542176835199999,1041
115373,213905,297530,-4.223331889,4.5834516903,7.542176835199999,1042
115429,213887,297545,-4.223331889,4.5834516903,7.542176835199999,1043
115451,213896,297563,-4.223331889,4.5834516903,7.542176835199999,1044
115457,213850,297534,-4.223331889,4.5834516903,7.542176835199999,1045
115448,213881,297561,-4.223331889,4.5834516903,7.542176835199999,1046
115470,213868,297538,-4.223331889,4.5834516903,7.542176835199999,1047
115544,213894,297612,-4.223331889,4.5834516903,7.542176835199999,1048
115612,213887,297608,-4.223331889,4.5834516903,7.542176835199999,1049
115717,213951,297594,-4.223331889,4.5834516903,7.542176835199999,1050
115798,213927,297588,-4.223331889,4.5834516903,7.542176835199999,1051
115870,213957,297631,-4.223331889,4.5834516903,7.542176835199999,1052
115954,213935,297589,-4.223331889,4.5834516903,7.542176835199999,1053
116027,213928,297603,-4.223331889,4.5834516903,7.542176835199999,1054
116102,213985,297621,-4.223331889,4.5834516903,7.542176835199999,1055
116195,213954,297694,-4.223331889,4.5834516903,7.542176835199999,1056
116267,213946,297606,-4.223331889,4.5834516903,7.542176835199999,1057
116365,213976,297576,-4.223331889,4.5834516903,7.542176835199999,1058
116448,213969,297615,-4.223331889,4.5834516903,7.542176835199999,1059
116512,214003,297638,-4.223331889,4.5834516903,7.542176835199999,1060
116610,214006,297672,-4.223331889,4.5834516903,7.542176835199999,1061
116623,214016,297622,-4.223331889,4.5834516903,7.542176835199999,1062
116420,213914,297543,-4.223331889,4.5834516903,7.542176835199999,1063
115969,213847,297563,-4.223331889,4.5834516903,7.542176835199999,1064
115512,213803,297527,-4.223331889,4.5834516903,7.542176835199999,1065
115273,213817,297489,-4.223331889,4.5834516903,7.542176835199999,1066
115219,213821,297542,-4.223331889,4.5834516903,7.542176835199999,1067
115304,213850,297573,-4.223331889,4.5834516903,7.542176835199999,1068
115407,213868,297552,-4.211367776,4.474578262,7.5996045776,1069
115533,213882,297596,-4.211367776,4.474578262,7.5996045776,1070
115652,213905,297586,-4.211367776,4.474578262,7.5996045776,1071
115692,213926,297643,-4.211367776,4.474578262,7.5996045776,1072
115706,213896,297626,-4.211367776,4.474578262,7.5996045776,1073
115663,213897,297594,-4.211367776,4.474578262,7.5996045776,1074
115676,213888,297558,-4.211367776,4.474578262,7.5996045776,1075
115709,213901,297560,-4.211367776,4.474578262,7.5996045776,1076
115774,213918,297616,-4.211367776,4.474578262,7.5996045776,1077
115845,213964,297592,-4.211367776,4.474578262,7.5996045776,1078
115906,213949,297610,-4.211367776,4.474578262,7.5996045776,1079
116002,213938,297628,-4.211367776,4.474578262,7.5996045776,1080
116050,213950,297637,-4.211367776,4.474578262,7.5996045776,1081
116144,213974,297651,-4.211367776,4.474578262,7.5996045776,1082
116211,213980,297634,-4.211367776,4.474578262,7.5996045776,1083
116281,213959,297601,-4.211367776,4.474578262,7.5996045776,1084
116356,213989,297617,-4.211367776,4.474578262,7.5996045776,1085
116442,213982,297629,-4.211367776,4.474578262,7.5996045776,1086
116533,214007,297664,-4.211367776,4.474578262,7.5996045776,1087
116597,214036,297686,-4.211367776,4.474578262,7.5996045776,1088
116678,213972,297622,-4.211367776,4.474578262,7.5996045776,1089
116758,214021,297657,-4.211367776,4.474578262,7.5996045776,1090
116795,214042,297662,-4.211367776,4.474578262,7.5996045776,1091
116680,213989,297675,-4.211367776,4.474578262,7.5996045776,1092
116305,213946,297567,-4.211367776,4.474578262,7.5996045776,1093
115787,213855,297544,-4.211367776,4.474578262,7.5996045776,1094
115443,213845,297508,-4.211367776,4.474578262,7.5996045776,1095
115332,213831,297515,-4.211367776,4.474578262,7.5996045776,1096
115353,213864,297548,-4.211367776,4.474578262,7.5996045776,1097
115449,213881,297543,-4.211367776,4.474578262,7.5996045776,1098
115573,213915,297556,-4.211367776,4.474578262,7.5996045776,1099
115673,213923,297567,-4.211367776,4.474578262,7.5996045776,1100
115744,213932,297582,-4.211367776,4.474578262,7.5996045776,1101
115743,213923,297632,-4.211367776,4.474578262,7.5996045776,1102
115728,213919,297565,-4.211367776,4.474578262,7.5996045776,1103
115701,213913,297605,-4.211367776,4.474578262,7.5996045776,1104
115725,213964,297565,-4.211367776,4.474578262,7.5996045776,1105
115753,213930,297643,-4.211367776,4.474578262,7.5996045776,1106
115820,213941,297582,-4.211367776,4.474578262,7.5996045776,1107
115900,213940,297604,-4.211367776,4.474578262,7.5996045776,1108
115952,213970,297589,-4.211367776,4.474578262,7.5996045776,1109
116039,213969,297631,-4.211367776,4.474578262,7.5996045776,1110
115784,213965,297626,-4.3585263658999995,4.5798624564,7.6115686905999995,1111
115849,213956,297644,-4.3585263658999995,4.5798624564,7.6115686905999995,1112
115917,213998,297618,-4.3585263658999995,4.5798624564,7.6115686905999995,1113
115993,213961,297651,-4.3585263658999995,4.5798624564,7.6115686905999995,1114
116100,213994,297664,-4.3585263658999995,4.5798624564,7.6115686905999995,1115
116167,214004,297665,-4.3585263658999995,4.5798624564,7.6115686905999995,1116
116237,213982,297631,-4.3585263658999995,4.5798624564,7.6115686905999995,1117
116215,214002,297607,-4.3585263658999995,4.5798624564,7.6115686905999995,1118
115901,213890,297612,-4.3585263658999995,4.5798624564,7.6115686905999995,1119
115375,213836,297537,-4.3585263658999995,4.5798624564,7.6115686905999995,1120
114890,213797,297473,-4.3585263658999995,4.5798624564,7.6115686905999995,1121
114666,213779,297501,-4.3585263658999995,4.5798624564,7.6115686905999995,1122
114641,213804,297492,-4.3585263658999995,4.5798624564,7.6115686905999995,1123
114707,213808,297535,-4.3585263658999995,4.5798624564,7.6115686905999995,1124
114836,213857,297547,-4.3585263658999995,4.5798624564,7.6115686905999995,1125
114943,213851,297560,-4.3585263658999995,4.5798624564,7.6115686905999995,1126
115050,213886,297608,-4.3585263658999995,4.5798624564,7.6115686905999995,1127
115089,213891,297599,-4.3585263658999995,4.5798624564,7.6115686905999995,1128
115060,213842,297569,-4.3585263658999995,4.5798624564,7.6115686905999995,1129
115033,213863,297604,-4.3585263658999995,4.5798624564,7.6115686905999995,1130
115027,213898,297545,-4.3585263658999995,4.5798624564,7.6115686905999995,1131
115059,213865,297549,-4.3585263658999995,4.5798624564,7.6115686905999995,1132
115131,213907,297584,-4.3585263658999995,4.5798624564,7.6115686905999995,1133
115210,213921,297560,-4.3585263658999995,4.5798624564,7.6115686905999995,1134
115283,213918,297627,-4.3585263658999995,4.5798624564,7.6115686905999995,1135
115359,213902,297591,-4.3585263658999995,4.5798624564,7.6115686905999995,1136
115422,213914,297600,-4.2065821308,4.5128634236,7.5517481256,1137
115495,213902,297621,-4.2065821308,4.5128634236,7.5517481256,1138
115570,213947,297623,-4.2065821308,4.5128634236,7.5517481256,1139
115640,213942,297629,-4.2065821308,4.5128634236,7.5517481256,1140
115729,213925,297635,-4.2065821308,4.5128634236,7.5517481256,1141
115812,213971,297643,-4.2065821308,4.5128634236,7.5517481256,1142
115890,213971,297655,-4.2065821308,4.5128634236,7.5517481256,1143
115966,213955,297697,-4.2065821308,4.5128634236,7.5517481256,1144
116029,213965,297675,-4.2065821308,4.5128634236,7.5517481256,1145
116049,213957,297662,-4.2065821308,4.5128634236,7.5517481256,1146
115867,213912,297569,-4.2065821308,4.5128634236,7.5517481256,1147
115406,213826,297567,-4.2065821308,4.5128634236,7.5517481256,1148
114913,213770,297526,-4.2065821308,4.5128634236,7.5517481256,1149
114615,213784,297494,-4.2065821308,4.5128634236,7.5517481256,1150
114581,213771,297510,-4.2065821308,4.5128634236,7.5517481256,1151
114662,213804,297549,-4.2065821308,4.5128634236,7.5517481256,1152
114750,213801,297522,-4.2065821308,4.5128634236,7.5517481256,1153
114843,213827,297585,-4.2065821308,4.5128634236,7.5517481256,1154
114979,213847,297591,-4.2065821308,4.5128634236,7.5517481256,1155
115071,213870,297597,-4.2065821308,4.5128634236,7.5517481256,1156
115072,213842,297599,-4.2065821308,4.5128634236,7.5517481256,1157
115051,213854,297608,-4.2065821308,4.5128634236,7.5517481256,1158
115025,213845,297596,-4.2065821308,4.5128634236,7.5517481256,1159
115061,213846,297621,-4.2065821308,4.5128634236,7.5517481256,1160
115123,213865,297617,-4.2065821308,4.5128634236,7.5517481256,1161
115167,213841,297605,-4.2065821308,4.5128634236,7.5517481256,1162
115226,213887,297587,-4.2065821308,4.5128634236,7.5517481256,1163
115330,213899,297648,-4.2065821308,4.5128634236,7.5517481256,1164
115406,213920,297632,-4.2065821308,4.5128634236,7.5517481256,1165
115538,213917,297630,-4.2065821308,4.5128634236,7.5517481256,1166
115616,213917,297647,-4.2065821308,4.5128634236,7.5517481256,1167
115695,213913,297677,-4.2065821308,4.5128634236,7.5517481256,1168
115779,213939,297650,-4.2065821308,4.5128634236,7.5517481256,1169
115839,213948,297693,-4.2065821308,4.5128634236,7.5517481256,1170
115933,213925,297683,-4.2065821308,4.5128634236,7.5517481256,1171
116013,213948,297644,-4.2065821308,4.5128634236,7.5517481256,1172
116024,213898,297658,-4.2065821308,4.5128634236,7.5517481256,1173
115826,213902,297618,-4.2065821308,4.5128634236,7.5517481256,1174
115378,213848,297553,-4.2065821308,4.5128634236,7.5517481256,1175
114918,213755,297556,-4.2065821308,4.5128634236,7.5517481256,1176
114653,213775,297551,-4.2065821308,4.5128634236,7.5517481256,1177
114613,213778,297534,-4.2065821308,4.5128634236,7.5517481256,1178
115713,213922,297694,-4.1527436223,4.5080777784,7.525427077,1179
115792,213932,297661,-4.1527436223,4.5080777784,7.525427077,1180
115886,213946,297703,-4.1527436223,4.5080777784,7.525427077,1181
115947,213942,297690,-4.1527436223,4.5080777784,7.525427077,1182
115993,213935,297660,-4.1527436223,4.5080777784,7.525427077,1183
115822,213899,297667,-4.1527436223,4.5080777784,7.525427077,1184
115337,213786,297564,-4.1527436223,4.5080777784,7.525427077,1185
114779,213716,297536,-4.1527436223,4.5080777784,7.525427077,1186
114452,213704,297534,-4.1527436223,4.5080777784,7.525427077,1187
114362,213717,297479,-4.1527436223,4.5080777784,7.525427077,1188
114393,213754,297583,-4.1527436223,4.5080777784,7.525427077,1189
114496,213767,297592,-4.1527436223,4.5080777784,7.525427077,1190
114593,213775,297595,-4.1527436223,4.5080777784,7.525427077,1191
114707,213784,297581,-4.1527436223,4.5080777784,7.525427077,1192
114748,213797,297618,-4.1527436223,4.5080777784,7.525427077,1193
114732,213802,297590,-4.1527436223,4.5080777784,7.525427077,1194
114707,213790,297620,-4.1527436223,4.5080777784,7.525427077,1195
114688,213772,297635,-4.1527436223,4.5080777784,7.525427077,1196
114692,213824,297627,-4.1527436223,4.5080777784,7.525427077,1197
114776,213810,297646,-4.1527436223,4.5080777784,7.525427077,1198
114819,213796,297654,-4.1527436223,4.5080777784,7.525427077,1199
114896,213828,297643,-4.1527436223,4.5080777784,7.525427077,1200
114961,213791,297622,-4.1527436223,4.5080777784,7.525427077,1201
115030,213854,297698,-4.1527436223,4.5080777784,7.525427077,1202
115098,213842,297689,-4.1527436223,4.5080777784,7.525427077,1203
115139,213846,297642,-4.1527436223,4.5080777784,7.525427077,1204
115211,213860,297689,-4.1527436223,4.5080777784,7.525427077,1205
115253,213888,297665,-4.1527436223,4.5080777784,7.525427077,1206
115347,213878,297667,-4.1527436223,4.5080777784,7.525427077,1207
115432,213916,297655,-4.1527436223,4.5080777784,7.525427077,1208
115437,213870,297646,-4.1527436223,4.5080777784,7.525427077,1209
115163,213797,297656,-4.1527436223,4.5080777784,7.525427077,1210
114620,213705,297574,-4.1527436223,4.5080777784,7.525427077,1211
114076,213695,297528,-4.1527436223,4.5080777784,7.525427077,1212
113830,213659,297552,-4.1527436223,4.5080777784,7.525427077,1213
113801,213671,297544,-4.1527436223,4.5080777784,7.525427077,1214
113889,213691,297543,-4.1527436223,4.5080777784,7.525427077,1215
114037,213721,297567,-4.1527436223,4.5080777784,7.525427077,1216
114163,213713,297579,-4.1527436223,4.5080777784,7.525427077,1217
114254,213713,297627,-4.1527436223,4.5080777784,7.525427077,1218
114294,213714,297647,-4.1527436223,4.5080777784,7.525427077,1219
114245,213722,297627,-4.1527436223,4.5080777784,7.525427077,1220
115318,213647,297674,-4.2819560427,4.5690947547,7.6917282476999995,1221
115350,213652,297683,-4.2819560427,4.5690947547,7.6917282476999995,1222
115405,213675,297686,-4.2819560427,4.5690947547,7.6917282476999995,1223
115454,213646,297628,-4.2819560427,4.5690947547,7.6917282476999995,1224
115516,213680,297655,-4.2819560427,4.5690947547,7.6917282476999995,1225
115544,213682,297662,-4.2819560427,4.5690947547,7.6917282476999995,1226
115597,213665,297662,-4.2819560427,4.5690947547,7.6917282476999995,1227
115643,213659,297649,-4.2819560427,4.5690947547,7.6917282476999995,1228
115692,213712,297612,-4.2819560427,4.5690947547,7.6917282476999995,1229
115737,213672,297683,-4.2819560427,4.5690947547,7.6917282476999995,1230
115781,213680,297670,-4.2819560427,4.5690947547,7.6917282476999995,1231
115841,213698,297638,-4.2819560427,4.5690947547,7.6917282476999995,1232
115857,213678,297629,-4.2819560427,4.5690947547,7.6917282476999995,1233
115711,213617,297611,-4.2819560427,4.5690947547,7.6917282476999995,1234
115259,213555,297511,-4.2819560427,4.5690947547,7.6917282476999995,1235
114626,213473,297474,-4.2819560427,4.5690947547,7.6917282476999995,1236
114087,213458,297424,-4.2819560427,4.5690947547,7.6917282476999995,1237
113834,213394,297448,-4.2819560427,4.5690947547,7.6917282476999995,1238
114024,213448,297537,-4.2819560427,4.5690947547,7.6917282476999995,1239
114558,213570,297709,-4.2819560427,4.5690947547,7.6917282476999995,1240
114907,213691,297776,-4.2819560427,4.5690947547,7.6917282476999995,1241
115167,213691,297700,-4.2819560427,4.5690947547,7.6917282476999995,1242
115261,213659,297727,-4.2819560427,4.5690947547,7.6917282476999995,1243
115126,213653,297625,-4.2819560427,4.5690947547,7.6917282476999995,1244
114905,213561,297584,-4.2819560427,4.5690947547,7.6917282476999995,1245
114702,213568,297563,-4.2819560427,4.5690947547,7.6917282476999995,1246
114654,213555,297592,-4.2819560427,4.5690947547,7.6917282476999995,1247
114637,213593,297567,-4.2819560427,4.5690947547,7.6917282476999995,1248
114660,213590,297588,-4.2819560427,4.5690947547,7.6917282476999995,1249
114703,213588,297538,-4.2819560427,4.5690947547,7.6917282476999995,1250
114786,213586,297565,-4.2819560427,4.5690947547,7.6917282476999995,1251
114865,213615,297622,-4.2819560427,4.5690947547,7.6917282476999995,1252
114939,213621,297585,-4.3381873738,4.5559342304,7.6175507471,1253
115035,213647,297627,-4.3381873738,4.5559342304,7.6175507471,1254
115137,213629,297621,-4.3381873738,4.5559342304,7.6175507471,1255
115186,213673,297612,-4.3381873738,4.5559342304,7.6175507471,1256
115258,213692,297619,-4.3381873738,4.5559342304,7.6175507471,1257
115300,213663,297620,-4.3381873738,4.5559342304,7.6175507471,1258
115399,213703,297664,-4.3381873738,4.5559342304,7.6175507471,1259
115451,213702,297643,-4.3381873738,4.5559342304,7.6175507471,1260
115310,213677,297622,-4.3381873738,4.5559342304,7.6175507471,1261
114804,213592,297581,-4.3381873738,4.5559342304,7.6175507471,1262
114169,213513,297467,-4.3381873738,4.5559342304,7.6175507471,1263
113741,213523,297552,-4.3381873738,4.5559342304,7.6175507471,1264
113606,213508,297536,-4.3381873738,4.5559342304,7.6175507471,1265
113618,213529,297597,-4.3381873738,4.5559342304,7.6175507471,1266
113714,213582,297557,-4.3381873738,4.5559342304,7.6175507471,1267
113847,213608,297543,-4.3381873738,4.5559342304,7.6175507471,1268
113988,213587,297567,-4.3381873738,4.5559342304,7.6175507471,1269
114031,213613,297620,-4.3381873738,4.5559342304,7.6175507471,1270
114036,213627,297585,-4.3381873738,4.5559342304,7.6175507471,1271
113997,213617,297630,-4.3381873738,4.5559342304,7.6175507471,1272
113964,213574,297623,-4.3381873738,4.5559342304,7.6175507471,1273
114009,213594,297643,-4.3381873738,4.5559342304,7.6175507471,1274
114089,213610,297649,-4.3381873738,4.5559342304,7.6175507471,1275
114174,213630,297690,-4.3381873738,4.5559342304,7.6175507471,1276
114275,213647,297632,-4.3381873738,4.5559342304,7.6175507471,1277
114333,213653,297688,-4.3381873738,4.5559342304,7.6175507471,1278
114421,213642,297705,-4.3381873738,4.5559342304,7.6175507471,1279
114532,213668,297706,-4.3381873738,4.5559342304,7.6175507471,1280
114589,213699,297736,-4.3381873738,4.5559342304,7.6175507471,1281
114700,213714,297711,-4.3381873738,4.5559342304,7.6175507471,1282
114795,213712,297731,-4.3381873738,4.5559342304,7.6175507471,1283
114873,213700,297776,-4.3381873738,4.5559342304,7.6175507471,1284
114760,213650,297718,-4.3381873738,4.5559342304,7.6175507471,1285
114268,213613,297683,-4.3381873738,4.5559342304,7.6175507471,1286
113607,213499,297605,-4.3381873738,4.5559342304,7.6175507471,1287
113215,213517,297610,-4.3381873738,4.5559342304,7.6175507471,1288
113112,213530,297577,-4.3381873738,4.5559342304,7.6175507471,1289
113156,213540,297666,-4.3381873738,4.5559342304,7.6175507471,1290
113274,213543,297653,-4.3381873738,4.5559342304,7.6175507471,1291
113392,213581,297685,-4.3381873738,4.5559342304,7.6175507471,1292
113548,213569,297730,-4.3381873738,4.5559342304,7.6175507471,1293
113615,213624,297714,-4.3381873738,4.5559342304,7.6175507471,1294
115219,213668,297795,-4.259224228,4.6169512067000005,7.573283529,1295
115370,213653,297839,-4.259224228,4.6169512067000005,7.573283529,1296
115518,213678,297867,-4.259224228,4.6169512067000005,7.573283529,1297
115644,213679,297836,-4.259224228,4.6169512067000005,7.573283529,1298
115657,213639,297827,-4.259224228,4.6169512067000005,7.573283529,1299
115450,213578,297738,-4.259224228,4.6169512067000005,7.573283529,1300
115111,213514,297690,-4.259224228,4.6169512067000005,7.573283529,1301
114937,213504,297683,-4.259224228,4.6169512067000005,7.573283529,1302
114976,213512,297770,-4.259224228,4.6169512067000005,7.573283529,1303
115129,213561,297813,-4.259224228,4.6169512067000005,7.573283529,1304
115294,213621,297837,-4.259224228,4.6169512067000005,7.573283529,1305
115503,213605,297843,-4.259224228,4.6169512067000005,7.573283529,1306
115684,213610,297790,-4.259224228,4.6169512067000005,7.573283529,1307
115828,213630,297833,-4.259224228,4.6169512067000005,7.573283529,1308
115946,213640,297820,-4.259224228,4.6169512067000005,7.573283529,1309
116055,213639,297847,-4.259224228,4.6169512067000005,7.573283529,1310
116204,213686,297865,-4.259224228,4.6169512067000005,7.573283529,1311
116399,213680,297883,-4.259224228,4.6169512067000005,7.573283529,1312
116582,213723,297870,-4.259224228,4.6169512067000005,7.573283529,1313
116750,213743,297888,-4.259224228,4.6169512067000005,7.573283529,1314
116946,213767,297895,-4.259224228,4.6169512067000005,7.573283529,1315
117117,213773,297909,-4.259224228,4.6169512067000005,7.573283529,1316
117278,213794,297928,-4.259224228,4.6169512067000005,7.573283529,1317
117454,213816,297940,-4.259224228,4.6169512067000005,7.573283529,1318
117634,213816,298005,-4.259224228,4.6169512067000005,7.573283529,1319
117799,213823,297964,-4.259224228,4.6169512067000005,7.573283529,1320
117963,213870,298007,-4.259224228,4.6169512067000005,7.573283529,1321
118157,213914,298021,-4.259224228,4.6169512067000005,7.573283529,1322
118290,213900,298011,-4.259224228,4.6169512067000005,7.573283529,1323
118442,213917,297994,-4.259224228,4.6169512067000005,7.573283529,1324
118438,213882,297957,-4.259224228,4.6169512067000005,7.573283529,1325
118288,213801,297920,-4.259224228,4.6169512067000005,7.573283529,1326
118101,213810,297900,-4.259224228,4.6169512067000005,7.573283529,1327
118078,213828,297914,-4.259224228,4.6169512067000005,7.573283529,1328
118143,213828,297956,-4.259224228,4.6169512067000005,7.573283529,1329
118263,213830,297964,-4.259224228,4.6169512067000005,7.573283529,1330
118415,213857,298027,-4.259224228,4.6169512067000005,7.573283529,1331
118564,213886,297995,-4.259224228,4.6169512067000005,7.573283529,1332
118678,213942,297981,-4.259224228,4.6169512067000005,7.573283529,1333
118808,213928,298008,-4.259224228,4.6169512067000005,7.573283529,1334
118914,213933,297976,-4.259224228,4.6169512067000005,7.573283529,1335
118997,213919,297979,-4.259224228,4.6169512067000005,7.573283529,1336
120225,214052,298041,-4.2340995907,4.5008993106,7.5625158273,1337
120316,214060,298037,-4.2340995907,4.5008993106,7.5625158273,1338
120452,214081,298113,-4.2340995907,4.5008993106,7.5625158273,1339
120531,214070,298113,-4.2340995907,4.5008993106,7.5625158273,1340
120628,214106,298048,-4.2340995907,4.5008993106,7.5625158273,1341
120756,214107,298075,-4.2340995907,4.5008993106,7.5625158273,1342
120836,214154,298060,-4.2340995907,4.5008993106,7.5625158273,1343
120933,214142,298118,-4.2340995907,4.5008993106,7.5625158273,1344
121039,214097,298074,-4.2340995907,4.5008993106,7.5625158273,1345
121118,214117,298092,-4.2340995907,4.5008993106,7.5625158273,1346
121212,214132,298079,-4.2340995907,4.5008993106,7.5625158273,1347
121312,214152,298066,-4.2340995907,4.5008993106,7.5625158273,1348
121406,214179,298050,-4.2340995907,4.5008993106,7.5625158273,1349
121495,214176,298069,-4.2340995907,4.5008993106,7.5625158273,1350
121560,214171,298085,-4.2340995907,4.5008993106,7.5625158273,1351
121659,214205,298055,-4.2340995907,4.5008993106,7.5625158273,1352
121739,214217,298105,-4.2340995907,4.5008993106,7.5625158273,1353
121816,214216,298093,-4.2340995907,4.5008993106,7.5625158273,1354
121898,214228,298029,-4.2340995907,4.5008993106,7.5625158273,1355
121979,214228,298115,-4.2340995907,4.5008993106,7.5625158273,1356
122054,214253,298080,-4.2340995907,4.5008993106,7.5625158273,1357
122112,214239,298116,-4.2340995907,4.5008993106,7.5625158273,1358
122094,214230,298043,-4.2340995907,4.5008993106,7.5625158273,1359
121922,214152,297955,-4.2340995907,4.5008993106,7.5625158273,1360
121663,214100,297975,-4.2340995907,4.5008993106,7.5625158273,1361
121431,214107,297984,-4.2340995907,4.5008993106,7.5625158273,1362
121347,214162,297962,-4.2340995907,4.5008993106,7.5625158273,1363
121287,214158,297972,-4.2340995907,4.5008993106,7.5625158273,1364
121246,214166,297973,-4.2340995907,4.5008993106,7.5625158273,1365
121226,214186,298002,-4.2340995907,4.5008993106,7.5625158273,1366
121215,214161,297961,-4.2340995907,4.5008993106,7.5625158273,1367
121187,214144,297956,-4.2340995907,4.5008993106,7.5625158273,1368
121118,214143,297937,-4.2340995907,4.5008993106,7.5625158273,1369
121029,214134,297961,-4.2340995907,4.5008993106,7.5625158273,1370
120983,214183,297919,-4.2340995907,4.5008993106,7.5625158273,1371
120916,214153,297906,-4.2340995907,4.5008993106,7.5625158273,1372
120879,214159,297920,-4.2340995907,4.5008993106,7.5625158273,1373
120843,214150,297912,-4.2340995907,4.5008993106,7.5625158273,1374
120806,214146,297865,-4.2340995907,4.5008993106,7.5625158273,1375
120798,214139,297905,-4.2340995907,4.5008993106,7.5625158273,1376
120775,214143,297871,-4.2340995907,4.5008993106,7.5625158273,1377
120769,214170,297834,-4.2340995907,4.5008993106,7.5625158273,1378
116861,214054,297305,-4.1144584607,4.4817567298,7.6283184488,1379
116202,213965,297291,-4.1144584607,4.4817567298,7.6283184488,1380
115809,213945,297243,-4.1144584607,4.4817567298,7.6283184488,1381
115655,213969,297306,-4.1144584607,4.4817567298,7.6283184488,1382
115633,214002,297260,-4.1144584607,4.4817567298,7.6283184488,1383
115668,213985,297283,-4.1144584607,4.4817567298,7.6283184488,1384
115721,213990,297276,-4.1144584607,4.4817567298,7.6283184488,1385
115784,214003,297265,-4.1144584607,4.4817567298,7.6283184488,1386
115795,214023,297284,-4.1144584607,4.4817567298,7.6283184488,1387
115735,214049,297293,-4.1144584607,4.4817567298,7.6283184488,1388
115685,214027,297333,-4.1144584607,4.4817567298,7.6283184488,1389
115647,214033,297253,-4.1144584607,4.4817567298,7.6283184488,1390
115675,213987,297330,-4.1144584607,4.4817567298,7.6283184488,1391
115737,214020,297320,-4.1144584607,4.4817567298,7.6283184488,1392
115796,214066,297297,-4.1144584607,4.4817567298,7.6283184488,1393
115856,214048,297320,-4.1144584607,4.4817567298,7.6283184488,1394
115929,214053,297267,-4.1144584607,4.4817567298,7.6283184488,1395
116020,214088,297343,-4.1144584607,4.4817567298,7.6283184488,1396
116101,214086,297331,-4.1144584607,4.4817567298,7.6283184488,1397
116194,214079,297367,-4.1144584607,4.4817567298,7.6283184488,1398
116275,214093,297386,-4.1144584607,4.4817567298,7.6283184488,1399
116362,214117,297344,-4.1144584607,4.4817567298,7.6283184488,1400
116474,214108,297367,-4.1144584607,4.4817567298,7.6283184488,1401
116563,214133,297393,-4.1144584607,4.4817567298,7.6283184488,1402
116640,214116,297350,-4.1144584607,4.4817567298,7.6283184488,1403
116763,214139,297346,-4.1144584607,4.4817567298,7.6283184488,1404
116840,214141,297335,-4.1144584607,4.4817567298,7.6283184488,1405
116966,214204,297309,-4.1144584607,4.4817567298,7.6283184488,1406
116977,214156,297344,-4.1144584607,4.4817567298,7.6283184488,1407
116754,214115,297298,-4.1144584607,4.4817567298,7.6283184488,1408
116310,214017,297267,-4.1144584607,4.4817567298,7.6283184488,1409
115896,213987,297274,-4.1144584607,4.4817567298,7.6283184488,1410
115762,214002,297247,-4.1144584607,4.4817567298,7.6283184488,1411
115810,214043,297231,-4.1144584607,4.4817567298,7.6283184488,1412
115909,214073,297278,-4.1144584607,4.4817567298,7.6283184488,1413
116057,214054,297278,-4.1144584607,4.4817567298,7.6283184488,1414
116172,214092,297337,-4.1144584607,4.4817567298,7.6283184488,1415
116299,214083,297330,-4.1144584607,4.4817567298,7.6283184488,1416
116390,214094,297323,-4.1144584607,4.4817567298,7.6283184488,1417
116421,214100,297294,-4.1144584607,4.4817567298,7.6283184488,1418
116447,214107,297351,-4.1144584607,4.4817567298,7.6283184488,1419
116487,214083,297344,-4.1144584607,4.4817567298,7.6283184488,1420
117608,214174,297285,-4.242474469799999,4.4769710846,7.625925626199999,1421
117675,214213,297301,-4.242474469799999,4.4769710846,7.625925626199999,1422
117692,214162,297292,-4.242474469799999,4.4769710846,7.625925626199999,1423
117692,214165,297309,-4.242474469799999,4.4769710846,7.625925626199999,1424
117681,214149,297283,-4.242474469799999,4.4769710846,7.625925626199999,1425
117713,214183,297281,-4.242474469799999,4.4769710846,7.625925626199999,1426
117765,214215,297326,-4.242474469799999,4.4769710846,7.625925626199999,1427
117825,214203,297297,-4.242474469799999,4.4769710846,7.625925626199999,1428
117876,214198,297358,-4.242474469799999,4.4769710846,7.625925626199999,1429
117951,214255,297340,-4.242474469799999,4.4769710846,7.625925626199999,1430
117997,214230,297318,-4.242474469799999,4.4769710846,7.625925626199999,1431
118063,214257,297305,-4.242474469799999,4.4769710846,7.625925626199999,1432
118119,214242,297342,-4.242474469799999,4.4769710846,7.625925626199999,1433
118177,214256,297316,-4.242474469799999,4.4769710846,7.625925626199999,1434
118255,214240,297326,-4.242474469799999,4.4769710846,7.625925626199999,1435
118312,214265,297373,-4.242474469799999,4.4769710846,7.625925626199999,1436
118386,214274,297368,-4.242474469799999,4.4769710846,7.625925626199999,1437
118430,214282,297339,-4.242474469799999,4.4769710846,7.625925626199999,1438
118342,214251,297363,-4.242474469799999,4.4769710846,7.625925626199999,1439
117932,214208,297243,-4.242474469799999,4.4769710846,7.625925626199999,1440
117381,214140,297210,-4.242474469799999,4.4769710846,7.625925626199999,1441
116997,214140,297194,-4.242474469799999,4.4769710846,7.625925626199999,1442
116792,214123,297233,-4.242474469799999,4.4769710846,7.625925626199999,1443
116753,214191,297244,-4.242474469799999,4.4769710846,7.625925626199999,1444
116774,214141,297272,-4.242474469799999,4.4769710846,7.625925626199999,1445
116791,214187,297247,-4.242474469799999,4.4769710846,7.625925626199999,1446
116830,214180,297258,-4.242474469799999,4.4769710846,7.625925626199999,1447
116853,214169,297258,-4.242474469799999,4.4769710846,7.625925626199999,1448
116808,214165,297273,-4.242474469799999,4.4769710846,7.625925626199999,1449
116768,214189,297275,-4.242474469799999,4.4769710846,7.625925626199999,1450
116708,214161,297256,-4.242474469799999,4.4769710846,7.625925626199999,1451
116696,214183,297257,-4.242474469799999,4.4769710846,7.625925626199999,1452
116743,214181,297288,-4.242474469799999,4.4769710846,7.625925626199999,1453
116762,214200,297315,-4.242474469799999,4.4769710846,7.625925626199999,1454
116807,214207,297310,-4.242474469799999,4.4769710846,7.625925626199999,1455
116867,214194,297274,-4.242474469799999,4.4769710846,7.625925626199999,1456
116906,214204,297317,-4.242474469799999,4.4769710846,7.625925626199999,1457
116950,214229,297314,-4.242474469799999,4.4769710846,7.625925626199999,1458
117001,214246,297304,-4.242474469799999,4.4769710846,7.625925626199999,1459
117031,214205,297317,-4.242474469799999,4.4769710846,7.625925626199999,1460
117104,214255,297308,-4.242474469799999,4.4769710846,7.625925626199999,1461
117152,214256,297314,-4.242474469799999,4.4769710846,7.625925626199999,1462
115680,213946,297675,-4.2029928969000006,4.527220359199999,7.7276205867,1463
115751,213979,297701,-4.2029928969000006,4.527220359199999,7.7276205867,1464
115832,213988,297728,-4.2029928969000006,4.527220359199999,7.7276205867,1465
115927,214019,297770,-4.2029928969000006,4.527220359199999,7.7276205867,1466
116023,213987,297746,-4.2029928969000006,4.527220359199999,7.7276205867,1467
115964,213967,297720,-4.2029928969000006,4.527220359199999,7.7276205867,1468
115605,213923,297706,-4.2029928969000006,4.527220359199999,7.7276205867,1469
115047,213816,297628,-4.2029928969000006,4.527220359199999,7.7276205867,1470
114626,213769,297620,-4.2029928969000006,4.527220359199999,7.7276205867,1471
114469,213777,297637,-4.2029928969000006,4.527220359199999,7.7276205867,1472
114521,213816,297717,-4.2029928969000006,4.527220359199999,7.7276205867,1473
114636,213845,297632,-4.2029928969000006,4.527220359199999,7.7276205867,1474
114754,213859,297702,-4.2029928969000006,4.527220359199999,7.7276205867,1475
114872,213846,297719,-4.2029928969000006,4.527220359199999,7.7276205867,1476
114989,213872,297728,-4.2029928969000006,4.527220359199999,7.7276205867,1477
115026,213852,297697,-4.2029928969000006,4.527220359199999,7.7276205867,1478
114992,213859,297697,-4.2029928969000006,4.527220359199999,7.7276205867,1479
115015,213875,297682,-4.2029928969000006,4.527220359199999,7.7276205867,1480
115044,213868,297729,-4.2029928969000006,4.527220359199999,7.7276205867,1481
115091,213862,297729,-4.2029928969000006,4.527220359199999,7.7276205867,1482
115185,213846,297772,-4.2029928969000006,4.527220359199999,7.7276205867,1483
115254,213905,297758,-4.2029928969000006,4.527220359199999,7.7276205867,1484
115364,213894,297745,-4.2029928969000006,4.527220359199999,7.7276205867,1485
115455,213884,297725,-4.2029928969000006,4.527220359199999,7.7276205867,1486
115541,213908,297809,-4.2029928969000006,4.527220359199999,7.7276205867,1487
115640,213931,297763,-4.2029928969000006,4.527220359199999,7.7276205867,1488
115708,213910,297812,-4.2029928969000006,4.527220359199999,7.7276205867,1489
115797,213925,297792,-4.2029928969000006,4.527220359199999,7.7276205867,1490
115877,213953,297795,-4.2029928969000006,4.527220359199999,7.7276205867,1491
115973,213958,297743,-4.2029928969000006,4.527220359199999,7.7276205867,1492
116036,213942,297798,-4.2029928969000006,4.527220359199999,7.7276205867,1493
116047,213958,297813,-4.2029928969000006,4.527220359199999,7.7276205867,1494
115739,213867,297729,-4.2029928969000006,4.527220359199999,7.7276205867,1495
115204,213783,297731,-4.2029928969000006,4.527220359199999,7.7276205867,1496
114768,213752,297659,-4.2029928969000006,4.527220359199999,7.7276205867,1497
114597,213753,297684,-4.2029928969000006,4.527220359199999,7.7276205867,1498
114592,213777,297691,-4.2029928969000006,4.527220359199999,7.7276205867,1499
114718,213787,297743,-4.2029928969000006,4.527220359199999,7.7276205867,1500
114819,213854,297712,-4.2029928969000006,4.527220359199999,7.7276205867,1501
114967,213854,297796,-4.2029928969000006,4.527220359199999,7.7276205867,1502
115043,213863,297743,-4.2029928969000006,4.527220359199999,7.7276205867,1503
115056,213840,297784,-4.2029928969000006,4.527220359199999,7.7276205867,1504
114259,213640,297666,-4.1970108404,4.6049870937,7.556533770800001,1505
114064,213613,297746,-4.1970108404,4.6049870937,7.556533770800001,1506
114083,213638,297727,-4.1970108404,4.6049870937,7.556533770800001,1507
114152,213678,297755,-4.1970108404,4.6049870937,7.556533770800001,1508
114271,213672,297792,-4.1970108404,4.6049870937,7.556533770800001,1509
114394,213683,297756,-4.1970108404,4.6049870937,7.556533770800001,1510
114488,213678,297807,-4.1970108404,4.6049870937,7.556533770800001,1511
114539,213700,297778,-4.1970108404,4.6049870937,7.556533770800001,1512
114553,213702,297840,-4.1970108404,4.6049870937,7.556533770800001,1513
114535,213683,297807,-4.1970108404,4.6049870937,7.556533770800001,1514
114576,213703,297782,-4.1970108404,4.6049870937,7.556533770800001,1515
114629,213728,297806,-4.1970108404,4.6049870937,7.556533770800001,1516
114720,213728,297833,-4.1970108404,4.6049870937,7.556533770800001,1517
114824,213730,297884,-4.1970108404,4.6049870937,7.556533770800001,1518
114936,213770,297846,-4.1970108404,4.6049870937,7.556533770800001,1519
115007,213768,297883,-4.1970108404,4.6049870937,7.556533770800001,1520
115117,213765,297876,-4.1970108404,4.6049870937,7.556533770800001,1521
115203,213794,297876,-4.1970108404,4.6049870937,7.556533770800001,1522
115296,213806,297870,-4.1970108404,4.6049870937,7.556533770800001,1523
115404,213800,297890,-4.1970108404,4.6049870937,7.556533770800001,1524
115475,213803,297901,-4.1970108404,4.6049870937,7.556533770800001,1525
115575,213856,297903,-4.1970108404,4.6049870937,7.556533770800001,1526
115570,213820,297883,-4.1970108404,4.6049870937,7.556533770800001,1527
115249,213723,297829,-4.1970108404,4.6049870937,7.556533770800001,1528
114746,213704,297800,-4.1970108404,4.6049870937,7.556533770800001,1529
114303,213653,297799,-4.1970108404,4.6049870937,7.556533770800001,1530
114184,213629,297763,-4.1970108404,4.6049870937,7.556533770800001,1531
114208,213613,297816,-4.1970108404,4.6049870937,7.556533770800001,1532
114304,213668,297818,-4.1970108404,4.6049870937,7.556533770800001,1533
114425,213668,297851,-4.1970108404,4.6049870937,7.556533770800001,1534
114534,213680,297907,-4.1970108404,4.6049870937,7.556533770800001,1535
114669,213708,297853,-4.1970108404,4.6049870937,7.556533770800001,1536
114688,213699,297892,-4.1970108404,4.6049870937,7.556533770800001,1537
114698,213710,297884,-4.1970108404,4.6049870937,7.556533770800001,1538
114729,213712,297837,-4.1970108404,4.6049870937,7.556533770800001,1539
114759,213721,297876,-4.1970108404,4.6049870937,7.556533770800001,1540
