green,red,IR,acc_x,acc_y,acc_z,sample_index
47725,187012,146473,-2.0662023151,9.3631148338,2.6536402634000003,1
47725,187049,146461,-1.9489540077,9.384650237199999,2.6644079651,2
47749,187039,146435,-1.9262221929999999,9.4815595525,2.5818555854,3
47735,187004,146477,-1.998006871,9.355936366,2.6213371583000002,4
47758,187061,146448,-2.0015961049,9.4013999954,2.5531417142,5
47751,187057,146426,-2.1750757434,9.3260260835,2.5794627628,6
47754,187043,146449,-1.9716858223999998,9.3487578982,2.6691936103000002,7
47690,186961,146411,-1.9764714676,9.3655076564,2.5818555854,8
47606,186930,146393,-2.0650059038,9.4313102779,2.5028924396,9
47548,186878,146358,-1.9238293703999998,9.3667040677,2.5818555854,10
47541,186873,146372,-2.0626130812,9.385846648500001,2.6273192148,11
47529,186878,146365,-2.0554346134,9.495916488099999,2.6057838114000003,12
47493,186880,146363,-1.8556339263000001,9.3750789468,2.4861426814,13
47521,186877,146337,-2.0709879603,9.3882394711,2.6225335696,14
47536,186894,146356,-2.0350956213,9.4408815683,2.6021945774999997,15
47523,186888,146357,-1.962114532,9.510273423700001,2.644068973,16
47499,186875,146333,-1.9932212258000002,9.4360959231,2.6249263922,17
47499,186852,146345,-2.0195422744,9.2614198733,2.5950161097,18
47497,186915,146334,-1.9908284031999999,9.3822574146,2.5292134882000004,19
47510,186882,146358,-2.057827436,9.3415794304,2.6691936103000002,20
47515,186892,146345,-1.962114532,9.3882394711,2.5411776012,21
47511,186893,146376,-1.9788642901999998,9.3367937852,2.5639094158999995,22
47525,186937,146333,-2.0638094925,9.3547399547,2.6237299809,23
47541,186926,146372,-2.057827436,9.4061856406,2.5244278430000002,24
47554,186936,146366,-1.8652052167000002,9.3128655592,2.6344976826,25
47549,186944,146340,-2.045863323,9.3726861242,2.6356940939,26
47575,187039,146361,-2.0362920326,9.3104727366,2.620140747,27
47579,186978,146340,-2.0362920326,9.4002035841,2.5842484079999997,28
47592,186970,146390,-1.8771693297,9.3966143502,2.5674986498,29
47605,187080,146350,-2.1427726383,9.272187575,2.5447668351,30
47597,187018,146365,-2.0327027987,9.284151688,2.5806591741,31
47532,186943,146326,-1.9645073545999998,9.3631148338,2.6979074815,32
47428,186844,146319,-1.9692929998,9.3750789468,2.6656043763999997,33
47368,186823,146308,-2.009970984,9.3930251163,2.6548366747000003,34
47347,186803,146288,-1.9764714676,9.3020978575,2.6273192148,35
47300,186791,146295,-2.057827436,9.3774717694,2.5423740125,36
47334,186787,146311,-2.0638094925,9.4085784632,2.5986053435999996,37
47337,186828,146310,-1.9776678789,9.2769732202,2.6488546182,38
47343,186812,146303,-1.9393827173,9.2937229784,2.5770699402,39
47347,186775,146341,-2.0362920326,9.468399028199999,2.5938196984,40
47329,186807,146303,-1.9597217094,9.3607220112,2.6093730453,41
47317,186820,146310,-2.0374884439,9.3810610033,2.5674986498,42
47325,186823,146324,-2.0925233637,9.3284189061,2.6285156261,43
47278,186807,146337,-1.9788642901999998,9.3152583818,2.5232314317,44
47322,186825,146310,-2.057827436,9.4325066892,2.6356940939,45
47346,186858,146320,-1.9944176371,9.3487578982,2.5866412306,46
47358,186857,146338,-1.9884355805999998,9.299705034899999,2.6632115538,47
47364,186846,146335,-1.9788642901999998,9.468399028199999,2.5770699402,48
47376,186878,146349,-2.0147566292,9.415756931,2.6464617955999996,49
47378,186859,146373,-1.7551353771,9.4133641084,2.6668007876999997,50
47391,186899,146335,-2.1080767106,9.5246303593,2.596212521,51
47403,186865,146336,-2.0303099761,9.4600241491,2.5435704238000003,52
47429,186806,146374,-1.9860427579999997,9.3056870914,2.5890340532,53
47438,186899,146372,-2.093719775,9.399007172800001,2.6249263922,54
47437,186901,146324,-2.0733807828999997,9.3774717694,2.4933211492,55
47429,186849,146335,-1.9477575963999998,9.3332045513,2.5698914723999997,56
47325,186798,146314,-2.0721843716,9.2494557603,2.6009981662,57
47229,186751,146317,-1.9740786449999999,9.4013999954,2.6835505459,58
47182,186709,146295,-2.021935097,9.4337031005,2.596212521,59
47203,186668,146322,-2.0171494518,9.2769732202,2.7146572396999997,60
47188,186701,146297,-1.9345970721,9.3750789468,2.5627130046,61
47195,186683,146312,-1.9357934834,9.4049892293,2.5890340532,62
47201,186646,146346,-2.0039889275,9.3523471321,2.6321048599999997,63
47212,186731,146345,-2.0147566292,9.367900479,2.6512474407999997,64
47196,186714,146327,-2.0350956213,9.353543543399999,2.596212521,65
47185,186689,146329,-1.8652052167000002,9.3487578982,2.6464617955999996,66
47183,186698,146351,-1.8891334427000002,9.3583291886,2.6129622792,67
47190,186686,146352,-1.962114532,9.4097748745,2.6656043763999997,68
47194,186699,146358,-2.0757736055,9.3655076564,2.6500510295,69
47205,186713,146394,-2.0350956213,9.3870430598,2.7565316351999996,70
47225,186725,146387,-2.0087745727,9.3726861242,2.6225335696,71
47234,186699,146366,-1.9764714676,9.3487578982,2.656033086,72
47249,186711,146399,-1.9716858223999998,9.4444708022,2.6392833278,73
47253,186746,146402,-2.0721843716,9.4767739073,2.7098715945,74
47269,186709,146417,-2.0135602179,9.1980100744,2.6763720781,75
47293,186743,146409,-2.0470597343,9.3607220112,2.6261228035000004,76
47302,186773,146429,-1.9429719511999999,9.3571327773,2.5890340532,77
47305,186808,146449,-2.03389921,9.2925265671,2.6105694566,78
47311,186742,146424,-1.9202401365000001,9.3966143502,2.6895326024,79
47241,186717,146417,-1.9477575963999998,9.2578306394,2.560320182,80
47139,186603,146400,-2.1308085253,9.3738825355,2.6033909887999998,81
47050,186515,146368,-2.0877377184999997,9.399007172800001,2.5339991334,82
47036,186513,146368,-2.0051853388,9.367900479,2.620140747,83
47012,186527,146395,-1.9046867896,9.3487578982,2.6033909887999998,84
47050,186522,146408,-2.0051853388,9.3487578982,2.5292134882000004,85
47074,186545,146428,-1.8915262653,9.3966143502,2.7505495787000003,86
47085,186457,146438,-1.9262221929999999,9.3870430598,2.7254249414,87
47058,186516,146448,-1.9860427579999997,9.3344009626,2.6225335696,88
47087,186562,146485,-2.0530417908,9.3152583818,2.6213371583000002,89
47088,186538,146456,-2.0315063874,9.4013999954,2.596212521,90
47102,186545,146484,-1.9836499354,9.3523471321,2.6703900216,91
47111,186552,146506,-2.0386848552,9.367900479,2.5830519966999996,92
47108,186591,146512,-2.0554346134,9.3296153174,2.5674986498,93
47137,186590,146524,-1.9860427579999997,9.4002035841,2.6859433685,94
47157,186594,146547,-1.9094724347999998,9.3702933016,2.5220350203999997,95
47175,186640,146566,-1.9298114269,9.3547399547,2.5878376418999998,96
47192,186659,146545,-2.021935097,9.4348995118,2.4574288102,97
47214,186637,146550,-2.0386848552,9.2674019298,2.5914268758000003,98
47236,186655,146576,-1.9501504189999999,9.3750789468,2.596212521,99
47253,186620,146612,-1.8053846516999998,9.4360959231,2.5842484079999997,100
47290,186714,146639,-2.0626130812,9.4097748745,2.6512474407999997,101
47307,186709,146599,-1.9106688461,9.2590270507,2.5184457865,102
47337,186697,146594,-1.9752750562999999,9.4301138666,2.5375883673,103
47384,186735,146604,-1.9740786449999999,9.4013999954,2.7242285301,104
47362,186692,146622,-2.0997018315,9.330811728699999,2.4777678023000003,105
47293,186638,146630,-1.8723836845000001,9.2817588654,2.5926232871,106
47197,186582,146587,-2.0039889275,9.2781696315,2.548356069,107
47116,186519,146603,-1.962114532,9.3667040677,2.75174599,108
47129,186496,146593,-2.0638094925,9.464809794299999,2.6943182475999996,109
47139,186509,146611,-2.0410776778,9.3667040677,2.6500510295,110
47168,186474,146632,-2.0147566292,9.456434915200001,2.596212521,111
47174,186524,146609,-2.0123638066000002,9.2949193897,2.5471596577,112
47196,186547,146663,-2.0530417908,9.4408815683,2.6261228035000004,113
47200,186574,146684,-2.0602202586000002,9.4695954395,2.5782663514999995,114
47204,186549,146659,-1.8675980393,9.4133641084,2.5292134882000004,115
47214,186552,146703,-1.9525432416,9.3702933016,2.6476582069,116
47222,186534,146682,-2.0590238472999998,9.4061856406,2.6117658679000004,117
47229,186552,146670,-1.9860427579999997,9.3367937852,2.6751756668,118
47246,186589,146704,-2.0386848552,9.4767739073,2.5818555854,119
47269,186604,146716,-1.9956140484,9.3379901965,2.608176634,120
47276,186666,146726,-1.8987047331,9.410971285799999,2.620140747,121
47321,186637,146733,-1.9740786449999999,9.3344009626,2.5328027221,122
47320,186638,146736,-1.9609181207,9.345168664300001,2.5507488916,123
47341,186621,146781,-1.9501504189999999,9.4468636248,2.596212521,124
47356,186671,146731,-1.9609181207,9.5258267706,2.5986053435999996,125
47370,186708,146777,-1.9405791285999998,9.4193461649,2.6368905052,126
47395,186670,146794,-1.9262221929999999,9.353543543399999,2.560320182,127
47410,186672,146765,-1.9190437251999999,9.3930251163,2.5148565526000004,128
47420,186702,146781,-2.081755662,9.438488745699999,2.6500510295,129
47440,186672,146779,-1.9250257817,9.3487578982,2.596212521,130
47418,186632,146783,-1.9417755399,9.260223461999999,2.5698914723999997,131
47312,186569,146728,-1.9896319919,9.4241318101,2.6656043763999997,132
47212,186521,146729,-1.8544375149999999,9.248259349,2.7194428849,133
47190,186480,146740,-2.0267207422,9.4348995118,2.6344976826,134
47190,186468,146730,-1.8771693297,9.3726861242,2.6620151425,135
47206,186485,146744,-2.0410776778,9.3463650756,2.5471596577,136
47225,186492,146755,-1.9106688461,9.2614198733,2.5746771176,137
47238,186517,146799,-1.9465611851,9.320044027,2.6416761504,138
47242,186530,146782,-1.9405791285999998,9.308079914,2.6105694566,139
47256,186534,146800,-2.0913269524,9.308079914,2.560320182,140
47254,186513,146787,-2.0518453795,9.3056870914,2.6608187311999996,141
47254,186508,146784,-1.9369898947,9.3511507208,2.5627130046,142
47262,186432,146816,-2.0721843716,9.3619184225,2.6177479243999997,143
47275,186542,146819,-1.9680965885,9.2590270507,2.6859433685,144
47291,186525,146808,-1.9740786449999999,9.327222494799999,2.6763720781,145
47240,186560,146856,-1.8987047331,9.3870430598,2.5890340532,146
47335,186546,146860,-2.1128623558,9.3511507208,2.5148565526000004,147
47344,186599,146866,-1.8484554585000001,9.3750789468,2.5914268758000003,148
47357,186642,146854,-2.0673987264,9.2793660428,2.608176634,149
47412,186620,146880,-2.0243279196,9.4408815683,2.6225335696,150
47389,186630,146864,-2.1164515897,9.4013999954,2.6943182475999996,151
47410,186638,146890,-1.9657037659,9.3702933016,2.6404797391000003,152
47403,186658,146842,-2.0267207422,9.3499543095,2.6309084487,153
47437,186671,146913,-1.9704894111,9.3726861242,2.6644079651,154
47385,186570,146892,-1.9836499354,9.330811728699999,2.6045874001,155
47297,186489,146867,-1.9669001771999999,9.2530449942,2.6009981662,156
47227,186436,146818,-1.9525432416,9.5377908836,2.572284295,157
47201,186423,146846,-2.0051853388,9.355936366,2.6536402634000003,158
47199,186435,146861,-2.1403798157,9.397810761499999,2.6344976826,159
47217,186457,146882,-2.0865413072,9.353543543399999,2.6416761504,160
47228,186391,146864,-1.9286150156,9.3248296722,2.5986053435999996,161
47257,186463,146860,-1.9896319919,9.3690968903,2.6177479243999997,162
47241,186461,146858,-2.0051853388,9.438488745699999,2.6321048599999997,163
47256,186457,146884,-1.998006871,9.3966143502,2.5866412306,164
47267,186488,146907,-2.0243279196,9.399007172800001,2.6500510295,165
47262,186493,146904,-2.0075781614,9.3188476157,2.6691936103000002,166
47264,186450,146934,-1.9609181207,9.353543543399999,2.6297120374,167
47296,186460,146905,-2.021935097,9.3702933016,2.6009981662,168
47314,186517,146922,-2.0291135648000003,9.4061856406,2.6835505459,169
47311,186526,146926,-2.0315063874,9.4600241491,2.6333012713,170
47358,186534,146954,-2.0255243308999997,9.3499543095,2.6644079651,171
47385,186540,146950,-1.9908284031999999,9.468399028199999,2.5040888509,172
47381,186586,146964,-2.0015961049,9.320044027,2.4957139718,173
47398,186665,146942,-2.0877377184999997,9.3463650756,2.6153551018,174
47428,186580,146950,-2.081755662,9.371489712899999,2.620140747,175
47434,186613,146970,-1.9190437251999999,9.3415794304,2.6799613119999997,176
47458,186640,146960,-1.8831513862,9.4420779796,2.6033909887999998,177
47457,186656,146958,-2.0721843716,9.3068835027,2.6428725617,178
47466,186639,146979,-2.0135602179,9.427721044,2.6129622792,179
47415,186560,146949,-2.0123638066000002,9.2530449942,2.5674986498,180
47277,186467,146940,-2.03389921,9.3056870914,2.5435704238000003,181
47253,186401,146926,-1.8364913454999998,9.3212404383,2.6572294973,182
47219,186406,146915,-2.0267207422,9.3344009626,2.6548366747000003,183
47241,186423,146937,-1.9345970721,9.456434915200001,2.6727828442,184
47243,186441,146904,-1.9932212258000002,9.438488745699999,2.6404797391000003,185
47257,186412,146937,-1.9692929998,9.4863451977,2.7003003040999998,186
47282,186445,146935,-1.9752750562999999,9.3583291886,2.6691936103000002,187
47272,186469,146939,-1.9645073545999998,9.3750789468,2.5627130046,188
47269,186439,146937,-2.0949161863,9.4061856406,2.5986053435999996,189
47273,186436,146961,-2.0614166699,9.3655076564,2.6057838114000003,190
47267,186449,146941,-2.03389921,9.4827559638,2.5387847786,191
47282,186363,146960,-1.9860427579999997,9.3511507208,2.6596223199,192
47298,186474,146967,-1.9597217094,9.3415794304,2.620140747,193
47295,186489,146952,-1.9118652574,9.3523471321,2.6416761504,194
47315,186504,146965,-2.03389921,9.3248296722,2.6392833278,195
47319,186498,146992,-1.9585252981,9.4660062056,2.5220350203999997,196
47330,186497,146986,-1.9908284031999999,9.3906322937,2.6668007876999997,197
47334,186537,147003,-1.9716858223999998,9.3607220112,2.6644079651,198
47353,186535,147007,-1.9345970721,9.4815595525,2.6656043763999997,199
47350,186522,147005,-2.0279171535,9.439685157,2.5998017549,200
47366,186533,147006,-2.0350956213,9.3044906801,2.5986053435999996,201
47371,186569,146987,-2.0183458631,9.4672026169,2.6105694566,202
47343,186500,146964,-1.9908284031999999,9.3391866078,2.5411776012,203
47231,186384,146930,-1.9118652574,9.2626162846,2.6141586905,204
47091,186333,146912,-1.8747765071,9.464809794299999,2.5746771176,205
47096,186271,146900,-1.9082760235,9.353543543399999,2.6823541346,206
47077,186271,146932,-2.1320049366,9.3344009626,2.4753749797,207
47093,186302,146919,-1.9800607015,9.367900479,2.5375883673,208
47097,186305,146961,-2.0207386857,9.4660062056,2.6261228035000004,209
47107,186314,146980,-1.9178473139,9.3822574146,2.6775684894,210
47111,186251,146958,-1.9860427579999997,9.4839523751,2.6883361911000003,211
47103,186330,146968,-2.0602202586000002,9.3930251163,2.6105694566,212
47090,186310,146947,-1.9477575963999998,9.3655076564,2.6404797391000003,213
47103,186331,146962,-1.998006871,9.379864592,2.6871397798,214
47105,186318,146968,-1.9812571127999998,9.3583291886,2.6344976826,215
47135,186339,146943,-1.9214365478,9.4456672135,2.6105694566,216
47156,186343,146987,-2.0075781614,9.4911308429,2.6105694566,217
47155,186324,146944,-1.9657037659,9.3044906801,2.6883361911000003,218
47221,186391,146977,-2.1140587671,9.3655076564,2.6835505459,219
47191,186391,146985,-1.8987047331,9.3224368496,2.6476582069,220
47203,186415,146994,-2.0781664281,9.3499543095,2.5531417142,221
47208,186416,146986,-2.0291135648000003,9.3607220112,2.5674986498,222
47242,186421,146988,-2.1547367513,9.376275358100001,2.6847469572,223
47250,186431,146986,-1.9812571127999998,9.5162554802,2.6380869165,224
47233,186479,146980,-2.0147566292,9.3655076564,2.6404797391000003,225
47290,186473,147010,-2.0745771942,9.4600241491,2.6225335696,226
47280,186488,147015,-1.9836499354,9.5294160045,2.5950161097,227
47208,186268,146985,-1.9800607015,9.2590270507,2.6883361911000003,228
47093,186244,146918,-2.03389921,9.391828705,2.6656043763999997,229
47036,186174,146955,-1.9310078382,9.343972252999999,2.5842484079999997,230
47020,186229,146945,-1.9501504189999999,9.5377908836,2.6321048599999997,231
47014,186215,146911,-1.9788642901999998,9.3834538259,2.5854448193,232
47025,186186,146956,-1.9788642901999998,9.3834538259,2.5854448193,233
47058,186221,146960,-1.9788642901999998,9.3834538259,2.5854448193,234
47062,186243,146962,-1.9788642901999998,9.3834538259,2.5854448193,235
47074,186214,146952,-1.9788642901999998,9.3834538259,2.5854448193,236
47080,186248,146967,-1.9788642901999998,9.3834538259,2.5854448193,237
47078,186215,146991,-1.9788642901999998,9.3834538259,2.5854448193,238
47083,186224,146973,-1.9788642901999998,9.3834538259,2.5854448193,239
47098,186232,146964,-1.9788642901999998,9.3834538259,2.5854448193,240
47119,186256,146986,-1.9788642901999998,9.3834538259,2.5854448193,241
47131,186304,147019,-1.9788642901999998,9.3834538259,2.5854448193,242
47148,186274,146989,-1.9788642901999998,9.3834538259,2.5854448193,243
47184,186309,146986,-1.9788642901999998,9.3834538259,2.5854448193,244
47197,186296,147002,-1.9788642901999998,9.3834538259,2.5854448193,245
47206,186361,147030,-1.9788642901999998,9.3834538259,2.5854448193,246
47226,186357,147035,-1.9788642901999998,9.3834538259,2.5854448193,247
47242,186394,147031,-1.9788642901999998,9.3834538259,2.5854448193,248
47262,186409,147020,-1.9788642901999998,9.3834538259,2.5854448193,249
47285,186407,147045,-1.9788642901999998,9.3834538259,2.5854448193,250
47272,186405,147025,-1.8532411037,9.3463650756,2.572284295,251
47203,186290,146998,-1.8532411037,9.3463650756,2.572284295,252
47113,186208,146978,-1.8532411037,9.3463650756,2.572284295,253
47068,186137,146956,-1.8532411037,9.3463650756,2.572284295,254
47050,186164,146945,-1.8532411037,9.3463650756,2.572284295,255
47065,186144,146957,-1.8532411037,9.3463650756,2.572284295,256
47085,186219,146987,-1.8532411037,9.3463650756,2.572284295,257
47095,186171,147016,-2.1332013479,9.2614198733,2.608176634,258
47130,186200,147013,-2.1332013479,9.2614198733,2.608176634,259
47146,186209,147006,-2.1332013479,9.2614198733,2.608176634,260
47141,186217,146997,-2.1332013479,9.2614198733,2.608176634,261
47143,186215,147033,-2.1332013479,9.2614198733,2.608176634,262
47144,186198,146997,-2.1332013479,9.2614198733,2.608176634,263
47156,186224,147022,-2.1332013479,9.2614198733,2.608176634,264
47163,186230,147014,-2.1332013479,9.2614198733,2.608176634,265
47179,186245,147019,-2.1332013479,9.2614198733,2.608176634,266
47191,186258,147042,-2.1332013479,9.2614198733,2.608176634,267
47212,186268,147029,-2.1332013479,9.2614198733,2.608176634,268
47212,186264,147038,-2.1332013479,9.2614198733,2.608176634,269
47233,186294,147037,-2.1332013479,9.2614198733,2.608176634,270
47252,186271,147027,-2.1332013479,9.2614198733,2.608176634,271
47243,186308,147047,-2.1332013479,9.2614198733,2.608176634,272
47272,186306,147039,-2.1332013479,9.2614198733,2.608176634,273
47286,186282,147037,-2.1332013479,9.2614198733,2.608176634,274
47230,186203,147014,-2.1332013479,9.2614198733,2.608176634,275
47115,186119,146980,-2.1332013479,9.2614198733,2.608176634,276
47061,186051,146979,-2.1332013479,9.2614198733,2.608176634,277
47049,186028,146944,-2.1332013479,9.2614198733,2.608176634,278
47053,186018,146987,-2.1332013479,9.2614198733,2.608176634,279
47057,186053,146983,-2.1332013479,9.2614198733,2.608176634,280
47083,186045,146962,-2.1332013479,9.2614198733,2.608176634,281
47092,186059,146984,-2.1332013479,9.2614198733,2.608176634,282
47092,186083,147004,-2.1332013479,9.2614198733,2.608176634,283
47102,186073,147013,-2.1332013479,9.2614198733,2.608176634,284
47098,186081,147002,-2.1332013479,9.2614198733,2.608176634,285
47103,186047,146998,-2.1332013479,9.2614198733,2.608176634,286
47123,186082,147029,-2.1332013479,9.2614198733,2.608176634,287
47123,186085,146995,-2.1332013479,9.2614198733,2.608176634,288
47151,186110,147004,-2.1332013479,9.2614198733,2.608176634,289
47165,186135,147043,-2.1332013479,9.2614198733,2.608176634,290
47191,186128,147009,-2.1332013479,9.2614198733,2.608176634,291
47205,186179,147009,-2.1332013479,9.2614198733,2.608176634,292
47235,186148,147038,-2.1332013479,9.2614198733,2.608176634,293
47239,186197,147013,-2.1332013479,9.2614198733,2.608176634,294
47261,186173,147018,-2.1332013479,9.2614198733,2.608176634,295
47283,186233,147053,-2.1332013479,9.2614198733,2.608176634,296
47291,186205,147038,-2.1332013479,9.2614198733,2.608176634,297
47306,186251,147036,-2.1332013479,9.2614198733,2.608176634,298
47327,186242,147039,-2.1332013479,9.2614198733,2.608176634,299
47103,186005,146972,-1.9740786449999999,9.2434737038,2.5651058272,300
47121,186028,146956,-1.9740786449999999,9.2434737038,2.5651058272,301
47139,186011,146984,-1.9740786449999999,9.2434737038,2.5651058272,302
47143,186008,146979,-1.9740786449999999,9.2434737038,2.5651058272,303
47153,186054,146976,-1.9740786449999999,9.2434737038,2.5651058272,304
47170,186044,146985,-1.9740786449999999,9.2434737038,2.5651058272,305
47166,186041,146961,-1.9740786449999999,9.2434737038,2.5651058272,306
47203,186052,146996,-1.9740786449999999,9.2434737038,2.5651058272,307
47212,186093,147019,-1.9740786449999999,9.2434737038,2.5651058272,308
47227,186095,147025,-1.9740786449999999,9.2434737038,2.5651058272,309
47252,186099,146990,-1.9740786449999999,9.2434737038,2.5651058272,310
47267,186141,147004,-1.9740786449999999,9.2434737038,2.5651058272,311
47285,186145,146994,-1.9740786449999999,9.2434737038,2.5651058272,312
47298,186158,147004,-1.9740786449999999,9.2434737038,2.5651058272,313
47320,186162,147003,-1.9740786449999999,9.2434737038,2.5651058272,314
47322,186171,147007,-1.9740786449999999,9.2434737038,2.5651058272,315
47357,186213,147025,-1.9740786449999999,9.2434737038,2.5651058272,316
47329,186172,146993,-1.9740786449999999,9.2434737038,2.5651058272,317
47267,186099,146962,-1.9740786449999999,9.2434737038,2.5651058272,318
47177,185958,146949,-1.9740786449999999,9.2434737038,2.5651058272,319
47123,185930,146902,-1.9740786449999999,9.2434737038,2.5651058272,320
47114,185950,146919,-1.9740786449999999,9.2434737038,2.5651058272,321
47119,185953,146949,-1.9740786449999999,9.2434737038,2.5651058272,322
47138,185979,146927,-1.9740786449999999,9.2434737038,2.5651058272,323
47146,185974,146953,-1.9740786449999999,9.2434737038,2.5651058272,324
47152,185981,146962,-1.9740786449999999,9.2434737038,2.5651058272,325
47161,185999,146952,-1.9740786449999999,9.2434737038,2.5651058272,326
47165,185956,146953,-1.9740786449999999,9.2434737038,2.5651058272,327
47161,185981,146934,-1.9740786449999999,9.2434737038,2.5651058272,328
47174,185959,146967,-1.9740786449999999,9.2434737038,2.5651058272,329
47178,185959,146923,-1.9740786449999999,9.2434737038,2.5651058272,330
47197,185993,146934,-1.9740786449999999,9.2434737038,2.5651058272,331
47191,185984,146951,-1.9740786449999999,9.2434737038,2.5651058272,332
47203,186001,146965,-1.9740786449999999,9.2434737038,2.5651058272,333
47221,186016,146963,-1.9740786449999999,9.2434737038,2.5651058272,334
47211,186013,146932,-1.9740786449999999,9.2434737038,2.5651058272,335
47225,186034,146966,-1.9740786449999999,9.2434737038,2.5651058272,336
47231,186004,146936,-1.9740786449999999,9.2434737038,2.5651058272,337
47236,186022,146942,-1.9740786449999999,9.3463650756,2.5591237707,338
47251,186058,146955,-1.9740786449999999,9.3463650756,2.5591237707,339
47254,186044,146943,-1.9740786449999999,9.3463650756,2.5591237707,340
47237,186019,146926,-1.9740786449999999,9.3463650756,2.5591237707,341
47142,185926,146896,-1.9740786449999999,9.3463650756,2.5591237707,342
47041,185800,146865,-1.9740786449999999,9.3463650756,2.5591237707,343
46989,185754,146831,-1.9740786449999999,9.3463650756,2.5591237707,344
46990,185762,146865,-1.9740786449999999,9.3463650756,2.5591237707,345
47003,185768,146875,-1.9740786449999999,9.3463650756,2.5591237707,346
46990,185804,146875,-1.9740786449999999,9.3463650756,2.5591237707,347
47000,185772,146883,-1.9740786449999999,9.3463650756,2.5591237707,348
47007,185788,146877,-1.9740786449999999,9.3463650756,2.5591237707,349
47011,185772,146880,-1.9740786449999999,9.3463650756,2.5591237707,350
47004,185760,146870,-1.9740786449999999,9.3463650756,2.5591237707,351
47006,185764,146874,-1.9740786449999999,9.3463650756,2.5591237707,352
47015,185774,146871,-1.9740786449999999,9.3463650756,2.5591237707,353
47021,185814,146889,-1.9740786449999999,9.3463650756,2.5591237707,354
47043,185806,146879,-1.9740786449999999,9.3463650756,2.5591237707,355
47067,185831,146890,-1.9740786449999999,9.3463650756,2.5591237707,356
47056,185840,146885,-1.9740786449999999,9.3463650756,2.5591237707,357
47084,185873,146895,-1.9740786449999999,9.3463650756,2.5591237707,358
47094,185875,146899,-1.9740786449999999,9.3463650756,2.5591237707,359
47105,185903,146904,-1.9740786449999999,9.3463650756,2.5591237707,360
47118,185927,146896,-1.9740786449999999,9.3463650756,2.5591237707,361
47121,185939,146878,-1.9740786449999999,9.3463650756,2.5591237707,362
47158,185929,146913,-1.9740786449999999,9.3463650756,2.5591237707,363
47163,185970,146926,-1.9740786449999999,9.3463650756,2.5591237707,364
47119,185893,146866,-1.9740786449999999,9.3463650756,2.5591237707,365
47022,185763,146833,-1.9740786449999999,9.3463650756,2.5591237707,366
46928,185671,146834,-1.9740786449999999,9.3463650756,2.5591237707,367
46877,185593,146788,-1.9740786449999999,9.3463650756,2.5591237707,368
46878,185638,146792,-1.9740786449999999,9.3463650756,2.5591237707,369
46896,185646,146840,-1.9740786449999999,9.3463650756,2.5591237707,370
46887,185665,146823,-1.9740786449999999,9.3463650756,2.5591237707,371
46917,185687,146843,-1.9740786449999999,9.3463650756,2.5591237707,372
46920,185696,146823,-1.9740786449999999,9.3463650756,2.5591237707,373
46925,185696,146804,-1.9740786449999999,9.3463650756,2.5591237707,374
46920,185694,146838,-1.9740786449999999,9.3463650756,2.5591237707,375
46936,185676,146816,-1.9740786449999999,9.3463650756,2.5591237707,376
46936,185699,146812,-1.9740786449999999,9.3463650756,2.5591237707,377
46955,185719,146804,-1.9740786449999999,9.3463650756,2.5591237707,378
46990,185725,146848,-1.9740786449999999,9.3463650756,2.5591237707,379
46882,185559,146807,-1.9262221929999999,9.451649269999999,2.6416761504,380
46894,185593,146780,-1.9262221929999999,9.451649269999999,2.6416761504,381
46900,185592,146810,-1.9262221929999999,9.451649269999999,2.6416761504,382
46885,185552,146765,-1.9262221929999999,9.451649269999999,2.6416761504,383
46903,185581,146785,-1.9262221929999999,9.451649269999999,2.6416761504,384
46913,185569,146802,-1.9262221929999999,9.451649269999999,2.6416761504,385
46912,185593,146807,-1.9262221929999999,9.451649269999999,2.6416761504,386
46920,185618,146810,-1.9262221929999999,9.451649269999999,2.6416761504,387
46933,185615,146839,-1.9262221929999999,9.451649269999999,2.6416761504,388
46944,185615,146820,-1.9262221929999999,9.451649269999999,2.6416761504,389
46946,185599,146795,-1.9262221929999999,9.451649269999999,2.6416761504,390
46968,185626,146838,-1.9262221929999999,9.451649269999999,2.6416761504,391
46969,185616,146818,-1.9262221929999999,9.451649269999999,2.6416761504,392
46986,185628,146850,-1.9262221929999999,9.451649269999999,2.6416761504,393
46982,185615,146838,-1.9262221929999999,9.451649269999999,2.6416761504,394
46949,185609,146810,-1.9262221929999999,9.451649269999999,2.6416761504,395
46856,185461,146773,-1.9262221929999999,9.451649269999999,2.6416761504,396
46739,185326,146753,-1.9262221929999999,9.451649269999999,2.6416761504,397
46722,185302,146726,-1.9262221929999999,9.451649269999999,2.6416761504,398
46724,185311,146754,-1.9262221929999999,9.451649269999999,2.6416761504,399
46740,185317,146790,-1.9262221929999999,9.451649269999999,2.6416761504,400
46754,185323,146774,-1.9262221929999999,9.451649269999999,2.6416761504,401
46752,185315,146742,-1.9262221929999999,9.451649269999999,2.6416761504,402
46764,185322,146774,-1.9262221929999999,9.451649269999999,2.6416761504,403
46761,185355,146785,-1.9262221929999999,9.451649269999999,2.6416761504,404
46770,185316,146764,-1.9262221929999999,9.451649269999999,2.6416761504,405
46782,185315,146790,-1.9262221929999999,9.451649269999999,2.6416761504,406
46791,185325,146784,-1.9262221929999999,9.451649269999999,2.6416761504,407
46801,185345,146794,-1.9262221929999999,9.451649269999999,2.6416761504,408
46824,185354,146825,-1.9262221929999999,9.451649269999999,2.6416761504,409
46840,185381,146815,-1.9262221929999999,9.451649269999999,2.6416761504,410
46865,185406,146808,-1.9262221929999999,9.451649269999999,2.6416761504,411
46876,185413,146780,-1.9262221929999999,9.451649269999999,2.6416761504,412
46893,185419,146804,-1.9262221929999999,9.451649269999999,2.6416761504,413
46894,185458,146816,-1.9262221929999999,9.451649269999999,2.6416761504,414
46926,185445,146834,-1.9262221929999999,9.451649269999999,2.6416761504,415
46947,185453,146835,-1.9262221929999999,9.451649269999999,2.6416761504,416
46953,185469,146805,-1.9262221929999999,9.451649269999999,2.6416761504,417
46908,185413,146803,-1.9262221929999999,9.451649269999999,2.6416761504,418
46806,185252,146763,-1.9262221929999999,9.451649269999999,2.6416761504,419
46720,185170,146722,-1.9262221929999999,9.451649269999999,2.6416761504,420
46708,185117,146729,-1.9262221929999999,9.451649269999999,2.6416761504,421
46744,185193,146773,-2.1044874766999997,9.371489712899999,2.4478575198,422
46762,185182,146748,-2.1044874766999997,9.371489712899999,2.4478575198,423
46768,185199,146723,-2.1044874766999997,9.371489712899999,2.4478575198,424
46780,185196,146768,-2.1044874766999997,9.371489712899999,2.4478575198,425
46786,185179,146766,-2.1044874766999997,9.371489712899999,2.4478575198,426
46804,185216,146790,-2.1044874766999997,9.371489712899999,2.4478575198,427
46831,185192,146812,-2.1044874766999997,9.371489712899999,2.4478575198,428
46846,185234,146807,-2.1044874766999997,9.371489712899999,2.4478575198,429
46861,185241,146791,-1.8963119105000001,9.2267239456,2.5435704238000003,430
46892,185266,146786,-1.8963119105000001,9.2267239456,2.5435704238000003,431
46913,185254,146794,-1.9441683625,9.4061856406,2.6488546182,432
46936,185296,146810,-1.9501504189999999,9.3667040677,2.6344976826,433
46940,185313,146813,-1.9692929998,9.4253282214,2.5938196984,434
46970,185367,146786,-2.1379869930999997,9.296115801,2.6057838114000003,435
46990,185364,146813,-1.9836499354,9.5126662463,2.6488546182,436
47004,185403,146769,-2.0039889275,9.4265246327,2.6859433685,437
46982,185354,146795,-2.0506489682,9.2267239456,2.4681965119,438
46896,185115,146748,-1.9166509025999998,9.2590270507,2.6500510295,439
46822,185084,146716,-2.0195422744,9.3128655592,2.6249263922,440
46777,185065,146705,-2.0434705004000002,9.443274390900001,2.572284295,441
46822,185085,146724,-2.1427726383,9.5569334644,2.608176634,442
46807,185100,146728,-2.0075781614,9.3116691479,2.6835505459,443
46811,185115,146735,-1.9226329591,9.3367937852,2.5866412306,444
46829,185136,146724,-1.9154544913,9.371489712899999,2.644068973,445
46846,185116,146747,-1.8675980393,9.3367937852,2.5411776012,446
46867,185145,146711,-1.998006871,9.345168664300001,2.5411776012,447
46861,185125,146772,-2.081755662,9.4767739073,2.6237299809,448
46867,185108,146759,-1.8532411037,9.2159562439,2.5339991334,449
46883,185132,146745,-2.0518453795,9.4923272542,2.7182464736,450
46887,185175,146762,-1.9501504189999999,9.2925265671,2.5902304645,451
46923,185207,146780,-1.91425808,9.403792818,2.6907290137,452
46931,185200,146745,-1.91425808,9.403792818,2.6907290137,453
46940,185206,146757,-1.91425808,9.403792818,2.6907290137,454
46944,185203,146791,-1.91425808,9.403792818,2.6907290137,455
46965,185191,146795,-1.91425808,9.403792818,2.6907290137,456
46979,185232,146770,-1.91425808,9.403792818,2.6907290137,457
47002,185297,146789,-1.91425808,9.403792818,2.6907290137,458
47012,185285,146764,-1.91425808,9.403792818,2.6907290137,459
47015,185290,146803,-1.91425808,9.403792818,2.6907290137,460
46965,185193,146763,-1.91425808,9.403792818,2.6907290137,461
46857,185033,146714,-1.91425808,9.403792818,2.6907290137,462
46803,184970,146699,-1.91425808,9.403792818,2.6907290137,463
46786,184958,146718,-1.91425808,9.403792818,2.6907290137,464
46777,184993,146713,-1.91425808,9.403792818,2.6907290137,465
46790,185013,146745,-1.91425808,9.403792818,2.6907290137,466
46785,184977,146737,-1.91425808,9.403792818,2.6907290137,467
46801,184999,146738,-1.91425808,9.403792818,2.6907290137,468
46804,185030,146748,-1.91425808,9.403792818,2.6907290137,469
46810,184982,146708,-1.91425808,9.403792818,2.6907290137,470
46804,184996,146746,-1.91425808,9.403792818,2.6907290137,471
46826,185016,146724,-1.91425808,9.403792818,2.6907290137,472
46816,185029,146778,-1.91425808,9.403792818,2.6907290137,473
46844,185041,146737,-1.91425808,9.403792818,2.6907290137,474
46853,185047,146747,-1.91425808,9.403792818,2.6907290137,475
46853,185047,146732,-1.91425808,9.403792818,2.6907290137,476
46877,185078,146750,-1.91425808,9.403792818,2.6907290137,477
46901,185096,146757,-1.91425808,9.403792818,2.6907290137,478
46910,185133,146751,-1.91425808,9.403792818,2.6907290137,479
46926,185117,146758,-1.91425808,9.403792818,2.6907290137,480
46927,185183,146739,-1.91425808,9.403792818,2.6907290137,481
46955,185188,146780,-1.91425808,9.403792818,2.6907290137,482
46964,185208,146803,-1.91425808,9.403792818,2.6907290137,483
46939,185131,146736,-1.91425808,9.403792818,2.6907290137,484
46840,185013,146703,-1.91425808,9.403792818,2.6907290137,485
46744,184870,146705,-1.91425808,9.403792818,2.6907290137,486
46691,184848,146670,-1.91425808,9.403792818,2.6907290137,487
46694,184871,146672,-1.91425808,9.403792818,2.6907290137,488
46713,184876,146708,-1.91425808,9.403792818,2.6907290137,489
46696,184891,146677,-1.91425808,9.403792818,2.6907290137,490
46708,184896,146682,-1.91425808,9.403792818,2.6907290137,491
46711,184887,146694,-1.91425808,9.403792818,2.6907290137,492
46702,184900,146708,-1.91425808,9.403792818,2.6907290137,493
46661,184888,146699,-1.9477575963999998,9.3702933016,2.5507488916,494
46662,184919,146671,-1.9477575963999998,9.3702933016,2.5507488916,495
46674,184935,146686,-1.9477575963999998,9.3702933016,2.5507488916,496
46690,184947,146684,-1.9477575963999998,9.3702933016,2.5507488916,497
46703,184945,146697,-1.9477575963999998,9.3702933016,2.5507488916,498
46728,184989,146708,-1.9477575963999998,9.3702933016,2.5507488916,499
46735,185008,146715,-1.9477575963999998,9.3702933016,2.5507488916,500
46735,185030,146710,-1.9477575963999998,9.3702933016,2.5507488916,501
46756,185032,146671,-1.9477575963999998,9.3702933016,2.5507488916,502
46763,185046,146694,-1.9477575963999998,9.3702933016,2.5507488916,503
46777,185052,146722,-1.9477575963999998,9.3702933016,2.5507488916,504
46789,185041,146725,-1.9094724347999998,9.4468636248,2.6464617955999996,505
46725,184939,146677,-1.9094724347999998,9.4468636248,2.6464617955999996,506
46608,184827,146653,-1.9094724347999998,9.4468636248,2.6464617955999996,507
46538,184756,146604,-1.9094724347999998,9.4468636248,2.6464617955999996,508
46515,184757,146614,-1.9094724347999998,9.4468636248,2.6464617955999996,509
46531,184761,146645,-1.9094724347999998,9.4468636248,2.6464617955999996,510
46535,184804,146653,-1.9094724347999998,9.4468636248,2.6464617955999996,511
46547,184812,146662,-1.9094724347999998,9.4468636248,2.6464617955999996,512
46559,184810,146667,-1.9094724347999998,9.4468636248,2.6464617955999996,513
46561,184817,146677,-1.9094724347999998,9.4468636248,2.6464617955999996,514
46568,184792,146646,-1.9094724347999998,9.4468636248,2.6464617955999996,515
46574,184787,146647,-1.9094724347999998,9.4468636248,2.6464617955999996,516
46579,184809,146662,-1.9094724347999998,9.4468636248,2.6464617955999996,517
46589,184846,146662,-1.9094724347999998,9.4468636248,2.6464617955999996,518
46610,184864,146683,-1.9094724347999998,9.4468636248,2.6464617955999996,519
46644,184890,146684,-1.9094724347999998,9.4468636248,2.6464617955999996,520
46652,184900,146709,-1.9094724347999998,9.4468636248,2.6464617955999996,521
46672,184917,146742,-1.9094724347999998,9.4468636248,2.6464617955999996,522
46680,184949,146699,-1.9094724347999998,9.4468636248,2.6464617955999996,523
46695,184963,146701,-1.9094724347999998,9.4468636248,2.6464617955999996,524
46709,184992,146723,-1.9094724347999998,9.4468636248,2.6464617955999996,525
46725,185032,146686,-1.9094724347999998,9.4468636248,2.6464617955999996,526
46758,185010,146739,-1.9094724347999998,9.4468636248,2.6464617955999996,527
46739,185020,146705,-1.9094724347999998,9.4468636248,2.6464617955999996,528
46657,184881,146677,-1.9094724347999998,9.4468636248,2.6464617955999996,529
46539,184744,146619,-1.9094724347999998,9.4468636248,2.6464617955999996,530
46495,184680,146592,-1.9824535241,9.2303131795,2.6129622792,531
46481,184675,146665,-1.9824535241,9.2303131795,2.6129622792,532
46500,184708,146640,-1.9824535241,9.2303131795,2.6129622792,533
46508,184721,146669,-1.9824535241,9.2303131795,2.6129622792,534
46515,184736,146679,-1.9824535241,9.2303131795,2.6129622792,535
46532,184742,146656,-1.9824535241,9.2303131795,2.6129622792,536
46530,184750,146660,-1.9824535241,9.2303131795,2.6129622792,537
46538,184733,146651,-1.9824535241,9.2303131795,2.6129622792,538
46545,184765,146668,-1.9824535241,9.2303131795,2.6129622792,539
46573,184771,146663,-1.9824535241,9.2303131795,2.6129622792,540
46590,184810,146684,-1.9824535241,9.2303131795,2.6129622792,541
46597,184820,146727,-1.9824535241,9.2303131795,2.6129622792,542
46612,184833,146683,-1.9824535241,9.2303131795,2.6129622792,543
46640,184881,146689,-1.9824535241,9.2303131795,2.6129622792,544
46676,184881,146730,-1.9824535241,9.2303131795,2.6129622792,545
46689,184898,146707,-1.9824535241,9.2303131795,2.6129622792,546
46712,184936,146700,-1.9824535241,9.2303131795,2.6129622792,547
46724,184945,146704,-1.9824535241,9.2303131795,2.6129622792,548
46747,184970,146741,-1.9824535241,9.2303131795,2.6129622792,549
46761,184990,146732,-1.9824535241,9.2303131795,2.6129622792,550
46775,184996,146729,-1.9824535241,9.2303131795,2.6129622792,551
46728,184923,146707,-1.9824535241,9.2303131795,2.6129622792,552
46613,184775,146636,-1.9824535241,9.2303131795,2.6129622792,553
46549,184680,146607,-1.9824535241,9.2303131795,2.6129622792,554
46558,184698,146633,-1.9824535241,9.2303131795,2.6129622792,555
46554,184746,146659,-1.9824535241,9.2303131795,2.6129622792,556
46573,184767,146677,-1.9824535241,9.2303131795,2.6129622792,557
46592,184783,146694,-1.9824535241,9.2303131795,2.6129622792,558
46616,184781,146679,-1.9824535241,9.2303131795,2.6129622792,559
46619,184780,146697,-1.9824535241,9.2303131795,2.6129622792,560
46627,184748,146664,-1.9824535241,9.2303131795,2.6129622792,561
46623,184756,146681,-1.9824535241,9.2303131795,2.6129622792,562
46620,184803,146667,-1.9824535241,9.2303131795,2.6129622792,563
46644,184806,146700,-1.9824535241,9.2303131795,2.6129622792,564
46667,184826,146701,-1.9824535241,9.2303131795,2.6129622792,565
46686,184854,146688,-1.9824535241,9.2303131795,2.6129622792,566
46706,184905,146690,-1.9824535241,9.2303131795,2.6129622792,567
46709,184893,146694,-1.9824535241,9.2303131795,2.6129622792,568
46725,184900,146681,-1.9824535241,9.2303131795,2.6129622792,569
46736,184895,146682,-1.9824535241,9.2303131795,2.6129622792,570
46749,184920,146700,-1.9824535241,9.2303131795,2.6129622792,571
46760,184920,146721,-1.9824535241,9.2303131795,2.6129622792,572
46689,184824,146682,-2.0889341298,9.4600241491,2.6572294973,573
46693,184853,146694,-2.0889341298,9.4600241491,2.6572294973,574
46717,184851,146682,-2.0889341298,9.4600241491,2.6572294973,575
46727,184865,146706,-2.0889341298,9.4600241491,2.6572294973,576
46757,184904,146707,-2.0889341298,9.4600241491,2.6572294973,577
46777,184936,146737,-2.0889341298,9.4600241491,2.6572294973,578
46796,184927,146697,-2.0889341298,9.4600241491,2.6572294973,579
46751,184848,146698,-2.0889341298,9.4600241491,2.6572294973,580
46667,184732,146649,-2.0889341298,9.4600241491,2.6572294973,581
46580,184669,146650,-2.0889341298,9.4600241491,2.6572294973,582
46553,184636,146639,-2.0889341298,9.4600241491,2.6572294973,583
46573,184680,146660,-2.0889341298,9.4600241491,2.6572294973,584
46579,184657,146638,-2.0889341298,9.4600241491,2.6572294973,585
46582,184675,146674,-2.0889341298,9.4600241491,2.6572294973,586
46603,184716,146660,-2.0889341298,9.4600241491,2.6572294973,587
46621,184745,146619,-2.0889341298,9.4600241491,2.6572294973,588
46627,184719,146659,-2.0889341298,9.4600241491,2.6572294973,589
46615,184726,146672,-2.0889341298,9.4600241491,2.6572294973,590
46637,184722,146661,-2.0889341298,9.4600241491,2.6572294973,591
46667,184749,146676,-2.0889341298,9.4600241491,2.6572294973,592
46682,184810,146711,-2.0889341298,9.4600241491,2.6572294973,593
46704,184794,146698,-2.0889341298,9.4600241491,2.6572294973,594
46714,184835,146710,-2.0889341298,9.4600241491,2.6572294973,595
46735,184861,146706,-2.0889341298,9.4600241491,2.6572294973,596
46751,184896,146718,-2.0889341298,9.4600241491,2.6572294973,597
46770,184908,146694,-2.0889341298,9.4600241491,2.6572294973,598
46776,184918,146696,-2.0889341298,9.4600241491,2.6572294973,599
46798,184944,146711,-2.0889341298,9.4600241491,2.6572294973,600
46817,184939,146734,-2.0889341298,9.4600241491,2.6572294973,601
46818,184980,146728,-2.0889341298,9.4600241491,2.6572294973,602
46785,184919,146708,-2.0889341298,9.4600241491,2.6572294973,603
46676,184758,146678,-2.0889341298,9.4600241491,2.6572294973,604
46608,184708,146647,-2.0889341298,9.4600241491,2.6572294973,605
46598,184694,146648,-2.0889341298,9.4600241491,2.6572294973,606
46618,184702,146664,-2.0889341298,9.4600241491,2.6572294973,607
46615,184731,146677,-2.0889341298,9.4600241491,2.6572294973,608
46628,184742,146668,-2.0889341298,9.4600241491,2.6572294973,609
46649,184766,146678,-2.0889341298,9.4600241491,2.6572294973,610
46656,184740,146701,-2.0889341298,9.4600241491,2.6572294973,611
46647,184766,146648,-2.0889341298,9.4600241491,2.6572294973,612
46650,184730,146691,-2.0889341298,9.4600241491,2.6572294973,613
46657,184752,146699,-2.0889341298,9.4600241491,2.6572294973,614
46708,184866,146706,-1.9477575963999998,9.4468636248,2.5555345367999998,615
46706,184908,146726,-1.9477575963999998,9.4468636248,2.5555345367999998,616
46732,184917,146728,-1.9477575963999998,9.4468636248,2.5555345367999998,617
46759,184930,146710,-1.9477575963999998,9.4468636248,2.5555345367999998,618
46771,184978,146713,-1.9477575963999998,9.4468636248,2.5555345367999998,619
46751,184897,146687,-1.9477575963999998,9.4468636248,2.5555345367999998,620
46680,184777,146660,-1.9477575963999998,9.4468636248,2.5555345367999998,621
46552,184700,146604,-1.9477575963999998,9.4468636248,2.5555345367999998,622
46532,184652,146621,-1.9477575963999998,9.4468636248,2.5555345367999998,623
46534,184687,146609,-1.9477575963999998,9.4468636248,2.5555345367999998,624
46531,184673,146633,-1.9477575963999998,9.4468636248,2.5555345367999998,625
46570,184707,146646,-1.9477575963999998,9.4468636248,2.5555345367999998,626
46577,184740,146659,-1.9477575963999998,9.4468636248,2.5555345367999998,627
46599,184773,146704,-1.9477575963999998,9.4468636248,2.5555345367999998,628
46591,184765,146668,-1.9477575963999998,9.4468636248,2.5555345367999998,629
46590,184759,146692,-1.9477575963999998,9.4468636248,2.5555345367999998,630
46614,184759,146650,-1.9477575963999998,9.4468636248,2.5555345367999998,631
46615,184757,146663,-1.9477575963999998,9.4468636248,2.5555345367999998,632
46615,184773,146657,-1.9477575963999998,9.4468636248,2.5555345367999998,633
46637,184756,146649,-1.9477575963999998,9.4468636248,2.5555345367999998,634
46630,184759,146658,-1.9477575963999998,9.4468636248,2.5555345367999998,635
46644,184755,146646,-1.9477575963999998,9.4468636248,2.5555345367999998,636
46650,184795,146633,-1.9477575963999998,9.4468636248,2.5555345367999998,637
46651,184767,146670,-1.9477575963999998,9.4468636248,2.5555345367999998,638
46625,184716,146644,-1.9477575963999998,9.4468636248,2.5555345367999998,639
46521,184592,146581,-1.9477575963999998,9.4468636248,2.5555345367999998,640
46439,184448,146553,-1.9477575963999998,9.4468636248,2.5555345367999998,641
46401,184417,146543,-1.9477575963999998,9.4468636248,2.5555345367999998,642
46410,184436,146553,-1.9477575963999998,9.4468636248,2.5555345367999998,643
46414,184437,146567,-1.9477575963999998,9.4468636248,2.5555345367999998,644
46413,184501,146558,-1.9477575963999998,9.4468636248,2.5555345367999998,645
46425,184477,146565,-1.9477575963999998,9.4468636248,2.5555345367999998,646
46444,184508,146616,-1.9477575963999998,9.4468636248,2.5555345367999998,647
46441,184499,146570,-1.9477575963999998,9.4468636248,2.5555345367999998,648
46436,184504,146567,-1.9477575963999998,9.4468636248,2.5555345367999998,649
46447,184471,146563,-1.9477575963999998,9.4468636248,2.5555345367999998,650
46451,184514,146546,-1.9477575963999998,9.4468636248,2.5555345367999998,651
46465,184518,146547,-1.9477575963999998,9.4468636248,2.5555345367999998,652
46480,184550,146569,-1.9477575963999998,9.4468636248,2.5555345367999998,653
46502,184574,146624,-1.9477575963999998,9.4468636248,2.5555345367999998,654
46525,184583,146596,-1.9477575963999998,9.4468636248,2.5555345367999998,655
46537,184611,146623,-1.9477575963999998,9.4468636248,2.5555345367999998,656
46340,184364,146531,-2.0051853388,9.4480600361,2.560320182,657
46347,184387,146549,-2.0051853388,9.4480600361,2.560320182,658
46370,184380,146541,-2.0051853388,9.4480600361,2.560320182,659
46374,184380,146550,-2.0051853388,9.4480600361,2.560320182,660
46395,184433,146556,-2.0051853388,9.4480600361,2.560320182,661
46404,184450,146562,-2.0051853388,9.4480600361,2.560320182,662
46432,184478,146569,-2.0051853388,9.4480600361,2.560320182,663
46451,184523,146577,-2.0051853388,9.4480600361,2.560320182,664
46482,184520,146567,-2.0051853388,9.4480600361,2.560320182,665
46486,184525,146566,-2.0051853388,9.4480600361,2.560320182,666
46416,184445,146500,-2.0051853388,9.4480600361,2.560320182,667
46325,184295,146476,-2.0051853388,9.4480600361,2.560320182,668
46270,184257,146463,-2.0051853388,9.4480600361,2.560320182,669
46291,184288,146481,-2.0051853388,9.4480600361,2.560320182,670
46298,184283,146474,-2.0051853388,9.4480600361,2.560320182,671
46316,184329,146498,-2.0051853388,9.4480600361,2.560320182,672
46340,184344,146484,-2.0051853388,9.4480600361,2.560320182,673
46368,184394,146520,-2.0051853388,9.4480600361,2.560320182,674
46383,184427,146506,-2.0051853388,9.4480600361,2.560320182,675
46392,184446,146531,-2.0051853388,9.4480600361,2.560320182,676
46406,184458,146498,-2.0051853388,9.4480600361,2.560320182,677
46429,184478,146500,-2.0051853388,9.4480600361,2.560320182,678
46451,184521,146530,-2.0051853388,9.4480600361,2.560320182,679
46472,184565,146540,-2.0051853388,9.4480600361,2.560320182,680
46497,184598,146537,-2.0051853388,9.4480600361,2.560320182,681
46526,184615,146552,-2.0051853388,9.4480600361,2.560320182,682
46552,184699,146571,-2.0051853388,9.4480600361,2.560320182,683
46572,184697,146595,-2.0051853388,9.4480600361,2.560320182,684
46605,184741,146550,-2.0051853388,9.4480600361,2.560320182,685
46624,184782,146570,-2.0051853388,9.4480600361,2.560320182,686
46640,184769,146577,-2.0051853388,9.4480600361,2.560320182,687
46556,184663,146541,-2.0051853388,9.4480600361,2.560320182,688
46490,184582,146489,-2.0051853388,9.4480600361,2.560320182,689
46473,184608,146478,-2.0051853388,9.4480600361,2.560320182,690
46488,184629,146527,-2.0051853388,9.4480600361,2.560320182,691
46505,184683,146514,-2.0051853388,9.4480600361,2.560320182,692
46540,184737,146506,-2.0051853388,9.4480600361,2.560320182,693
46572,184758,146563,-2.0051853388,9.4480600361,2.560320182,694
46578,184788,146530,-2.0051853388,9.4480600361,2.560320182,695
46598,184784,146539,-2.0051853388,9.4480600361,2.560320182,696
46609,184815,146553,-2.0051853388,9.4480600361,2.560320182,697
46636,184862,146572,-2.0051853388,9.4480600361,2.560320182,698
47617,186316,146828,-2.0673987264,9.5342016497,2.715853651,699
47591,186348,146831,-2.0673987264,9.5342016497,2.715853651,700
47589,186352,146809,-2.0673987264,9.5342016497,2.715853651,701
47573,186380,146808,-2.0673987264,9.5342016497,2.715853651,702
47555,186361,146849,-2.0673987264,9.5342016497,2.715853651,703
47568,186390,146853,-2.0673987264,9.5342016497,2.715853651,704
47556,186377,146827,-2.0673987264,9.5342016497,2.715853651,705
47547,186388,146818,-2.0673987264,9.5342016497,2.715853651,706
47564,186408,146826,-2.0673987264,9.5342016497,2.715853651,707
47550,186450,146848,-2.0673987264,9.5342016497,2.715853651,708
47547,186433,146865,-2.0673987264,9.5342016497,2.715853651,709
47564,186475,146841,-2.0673987264,9.5342016497,2.715853651,710
47572,186491,146846,-2.0673987264,9.5342016497,2.715853651,711
47579,186493,146839,-2.0673987264,9.5342016497,2.715853651,712
47588,186508,146845,-2.0673987264,9.5342016497,2.715853651,713
47598,186523,146841,-2.0673987264,9.5342016497,2.715853651,714
47607,186520,146847,-2.0673987264,9.5342016497,2.715853651,715
47604,186549,146855,-2.0673987264,9.5342016497,2.715853651,716
47625,186573,146850,-1.9680965885,9.3942215276,2.6297120374,717
47651,186569,146863,-1.9680965885,9.3942215276,2.6297120374,718
47648,186611,146853,-1.9680965885,9.3942215276,2.6297120374,719
47656,186616,146842,-1.9680965885,9.3942215276,2.6297120374,720
47660,186653,146869,-1.9680965885,9.3942215276,2.6297120374,721
47670,186629,146860,-1.9680965885,9.3942215276,2.6297120374,722
47688,186671,146862,-1.9680965885,9.3942215276,2.6297120374,723
47629,186603,146838,-1.9680965885,9.3942215276,2.6297120374,724
47543,186542,146816,-1.9680965885,9.3942215276,2.6297120374,725
47447,186542,146785,-1.9680965885,9.3942215276,2.6297120374,726
47419,186516,146790,-1.9680965885,9.3942215276,2.6297120374,727
47393,186545,146821,-1.9680965885,9.3942215276,2.6297120374,728
47390,186544,146808,-1.9680965885,9.3942215276,2.6297120374,729
47376,186551,146828,-1.9680965885,9.3942215276,2.6297120374,730
47379,186560,146793,-2.0291135648000003,9.3750789468,2.6524438520999998,731
47373,186567,146806,-2.0291135648000003,9.3750789468,2.6524438520999998,732
47353,186594,146813,-2.0291135648000003,9.3750789468,2.6524438520999998,733
47347,186600,146797,-2.0291135648000003,9.3750789468,2.6524438520999998,734
47352,186590,146797,-2.0291135648000003,9.3750789468,2.6524438520999998,735
47337,186618,146800,-2.0291135648000003,9.3750789468,2.6524438520999998,736
47351,186623,146822,-2.0291135648000003,9.3750789468,2.6524438520999998,737
47350,186648,146829,-2.0291135648000003,9.3750789468,2.6524438520999998,738
47366,186660,146773,-2.0291135648000003,9.3750789468,2.6524438520999998,739
47372,186660,146843,-2.0291135648000003,9.3750789468,2.6524438520999998,740
47393,186688,146813,-2.0291135648000003,9.3750789468,2.6524438520999998,741
47386,186703,146791,-2.0291135648000003,9.3750789468,2.6524438520999998,742
47403,186695,146801,-2.0291135648000003,9.3750789468,2.6524438520999998,743
47421,186751,146811,-2.0291135648000003,9.3750789468,2.6524438520999998,744
47431,186727,146837,-2.0291135648000003,9.3750789468,2.6524438520999998,745
47422,186767,146825,-2.0291135648000003,9.3750789468,2.6524438520999998,746
47444,186770,146801,-2.0291135648000003,9.3750789468,2.6524438520999998,747
47455,186791,146816,-2.0291135648000003,9.3750789468,2.6524438520999998,748
47462,186800,146804,-2.0291135648000003,9.3750789468,2.6524438520999998,749
47494,186798,146839,-2.0171494518,9.3810610033,2.6033909887999998,750
47449,186766,146821,-2.0171494518,9.3810610033,2.6033909887999998,751
47358,186709,146815,-2.0171494518,9.3810610033,2.6033909887999998,752
47288,186696,146746,-2.0171494518,9.3810610033,2.6033909887999998,753
47256,186680,146760,-2.0171494518,9.3810610033,2.6033909887999998,754
47249,186686,146749,-2.0171494518,9.3810610033,2.6033909887999998,755
47267,186702,146778,-2.0171494518,9.3810610033,2.6033909887999998,756
47261,186704,146767,-2.0171494518,9.3810610033,2.6033909887999998,757
47271,186719,146761,-2.0171494518,9.3810610033,2.6033909887999998,758
47271,186708,146750,-2.0171494518,9.3810610033,2.6033909887999998,759
47269,186708,146756,-2.0171494518,9.3810610033,2.6033909887999998,760
47246,186722,146763,-2.0171494518,9.3810610033,2.6033909887999998,761
47246,186702,146771,-2.0171494518,9.3810610033,2.6033909887999998,762
47256,186728,146764,-2.0171494518,9.3810610033,2.6033909887999998,763
47248,186752,146769,-2.0171494518,9.3810610033,2.6033909887999998,764
47275,186756,146757,-2.0171494518,9.3810610033,2.6033909887999998,765
47271,186787,146741,-2.0171494518,9.3810610033,2.6033909887999998,766
47294,186792,146767,-2.0171494518,9.3810610033,2.6033909887999998,767
47321,186827,146730,-2.0171494518,9.3810610033,2.6033909887999998,768
47313,186800,146755,-2.0171494518,9.3810610033,2.6033909887999998,769
47336,186835,146761,-2.0171494518,9.3810610033,2.6033909887999998,770
47347,186815,146730,-2.0171494518,9.3810610033,2.6033909887999998,771
47361,186868,146767,-2.0171494518,9.3810610033,2.6033909887999998,772
47380,186881,146719,-2.0171494518,9.3810610033,2.6033909887999998,773
47402,186908,146773,-2.0171494518,9.3810610033,2.6033909887999998,774
47414,186903,146774,-2.0171494518,9.3810610033,2.6033909887999998,775
47378,186863,146759,-2.0171494518,9.3810610033,2.6033909887999998,776
47303,186801,146725,-2.0171494518,9.3810610033,2.6033909887999998,777
47221,186740,146696,-2.0171494518,9.3810610033,2.6033909887999998,778
47193,186785,146707,-2.0171494518,9.3810610033,2.6033909887999998,779
47207,186762,146725,-2.0171494518,9.3810610033,2.6033909887999998,780
47224,186788,146726,-2.0171494518,9.3810610033,2.6033909887999998,781
47221,186805,146709,-1.9357934834,9.4360959231,2.656033086,782
47237,186822,146728,-1.9357934834,9.4360959231,2.656033086,783
47252,186793,146725,-1.9357934834,9.4360959231,2.656033086,784
47260,186836,146741,-1.9357934834,9.4360959231,2.656033086,785
47276,186843,146743,-1.9357934834,9.4360959231,2.656033086,786
47279,186844,146731,-1.9357934834,9.4360959231,2.656033086,787
47291,186856,146749,-1.9357934834,9.4360959231,2.656033086,788
47307,186872,146763,-1.9357934834,9.4360959231,2.656033086,789
47332,186898,146745,-1.9357934834,9.4360959231,2.656033086,790
47353,186928,146755,-1.9357934834,9.4360959231,2.656033086,791
47384,186927,146763,-1.9357934834,9.4360959231,2.656033086,792
47401,186941,146793,-1.9357934834,9.4360959231,2.656033086,793
47425,186978,146779,-1.9357934834,9.4360959231,2.656033086,794
47443,186980,146771,-1.9357934834,9.4360959231,2.656033086,795
47457,187030,146760,-1.9357934834,9.4360959231,2.656033086,796
47477,187011,146764,-1.9357934834,9.4360959231,2.656033086,797
47496,187028,146773,-1.9357934834,9.4360959231,2.656033086,798
47528,187035,146771,-1.9357934834,9.4360959231,2.656033086,799
47545,187062,146755,-1.9357934834,9.4360959231,2.656033086,800
47554,187069,146776,-1.9357934834,9.4360959231,2.656033086,801
47494,186996,146711,-1.9357934834,9.4360959231,2.656033086,802
47402,186932,146737,-1.9357934834,9.4360959231,2.656033086,803
47385,186933,146747,-1.9357934834,9.4360959231,2.656033086,804
47383,186904,146721,-1.9357934834,9.4360959231,2.656033086,805
47388,186926,146707,-1.9357934834,9.4360959231,2.656033086,806
47386,186963,146737,-1.9357934834,9.4360959231,2.656033086,807
47409,186956,146727,-1.9357934834,9.4360959231,2.656033086,808
47430,186972,146721,-1.9357934834,9.4360959231,2.656033086,809
47430,187010,146741,-1.9357934834,9.4360959231,2.656033086,810
47438,186931,146704,-1.9357934834,9.4360959231,2.656033086,811
47442,186990,146747,-1.9357934834,9.4360959231,2.656033086,812
47450,187005,146730,-1.9357934834,9.4360959231,2.656033086,813
47467,186991,146703,-1.9357934834,9.4360959231,2.656033086,814
47453,187050,146701,-1.9357934834,9.4360959231,2.656033086,815
47482,187025,146730,-1.9357934834,9.4360959231,2.656033086,816
47506,187019,146742,-1.9357934834,9.4360959231,2.656033086,817
47499,187058,146764,-1.9357934834,9.4360959231,2.656033086,818
47528,187051,146708,-1.9357934834,9.4360959231,2.656033086,819
47539,187078,146721,-1.9357934834,9.4360959231,2.656033086,820
47561,187066,146744,-1.9357934834,9.4360959231,2.656033086,821
47571,187088,146727,-1.9357934834,9.4360959231,2.656033086,822
47574,187102,146697,-1.9357934834,9.4360959231,2.656033086,823
47433,186968,146687,-1.9836499354,9.236295236,2.6177479243999997,824
47392,186925,146684,-1.9836499354,9.236295236,2.6177479243999997,825
47388,186920,146683,-1.9836499354,9.236295236,2.6177479243999997,826
47392,186925,146654,-1.9836499354,9.236295236,2.6177479243999997,827
47389,186944,146673,-1.9836499354,9.236295236,2.6177479243999997,828
47410,186919,146657,-1.9836499354,9.236295236,2.6177479243999997,829
47409,186946,146663,-1.9836499354,9.236295236,2.6177479243999997,830
47432,186939,146645,-1.9836499354,9.236295236,2.6177479243999997,831
47397,186944,146648,-1.9836499354,9.236295236,2.6177479243999997,832
47422,186975,146643,-1.9836499354,9.236295236,2.6177479243999997,833
47437,186937,146651,-1.9836499354,9.236295236,2.6177479243999997,834
47435,186945,146664,-1.9836499354,9.236295236,2.6177479243999997,835
47455,186995,146680,-1.9836499354,9.236295236,2.6177479243999997,836
47466,186988,146663,-1.9836499354,9.236295236,2.6177479243999997,837
47496,187029,146638,-1.9836499354,9.236295236,2.6177479243999997,838
47509,187030,146649,-1.9836499354,9.236295236,2.6177479243999997,839
47515,187028,146642,-1.9836499354,9.236295236,2.6177479243999997,840
47542,187039,146647,-1.9836499354,9.236295236,2.6177479243999997,841
47548,187053,146652,-1.9836499354,9.236295236,2.6177479243999997,842
47579,187092,146660,-1.9836499354,9.236295236,2.6177479243999997,843
47596,187060,146656,-1.9836499354,9.236295236,2.6177479243999997,844
47544,187037,146634,-1.9836499354,9.236295236,2.6177479243999997,845
47475,186928,146620,-1.9836499354,9.236295236,2.6177479243999997,846
47394,186863,146608,-1.9836499354,9.236295236,2.6177479243999997,847
47355,186859,146609,-1.9836499354,9.236295236,2.6177479243999997,848
47341,186870,146571,-1.9836499354,9.236295236,2.6177479243999997,849
47353,186842,146591,-1.9836499354,9.236295236,2.6177479243999997,850
47338,186874,146595,-1.9836499354,9.236295236,2.6177479243999997,851
47340,186890,146586,-1.9836499354,9.236295236,2.6177479243999997,852
47355,186886,146608,-1.9836499354,9.236295236,2.6177479243999997,853
47350,186896,146589,-1.9836499354,9.236295236,2.6177479243999997,854
47349,186857,146578,-1.9836499354,9.236295236,2.6177479243999997,855
47354,186864,146604,-1.9836499354,9.236295236,2.6177479243999997,856
47360,186891,146594,-1.9836499354,9.236295236,2.6177479243999997,857
47366,186924,146583,-1.9836499354,9.236295236,2.6177479243999997,858
47375,186907,146636,-1.9836499354,9.236295236,2.6177479243999997,859
47404,186944,146613,-1.9836499354,9.236295236,2.6177479243999997,860
47405,186918,146614,-1.9836499354,9.236295236,2.6177479243999997,861
47440,186974,146615,-1.9836499354,9.236295236,2.6177479243999997,862
47436,186939,146609,-1.9836499354,9.236295236,2.6177479243999997,863
47443,186984,146623,-1.9836499354,9.236295236,2.6177479243999997,864
47459,186976,146640,-1.9836499354,9.236295236,2.6177479243999997,865
47484,186972,146606,-1.9788642901999998,9.410971285799999,2.6464617955999996,866
47431,186906,146602,-1.9788642901999998,9.410971285799999,2.6464617955999996,867
47342,186844,146550,-1.9788642901999998,9.410971285799999,2.6464617955999996,868
47263,186801,146513,-1.9788642901999998,9.410971285799999,2.6464617955999996,869
47245,186810,146544,-1.9788642901999998,9.410971285799999,2.6464617955999996,870
47234,186762,146560,-1.9788642901999998,9.410971285799999,2.6464617955999996,871
47241,186749,146536,-1.9788642901999998,9.410971285799999,2.6464617955999996,872
47259,186813,146531,-1.9788642901999998,9.410971285799999,2.6464617955999996,873
47256,186811,146534,-1.9788642901999998,9.410971285799999,2.6464617955999996,874
47261,186789,146562,-1.9788642901999998,9.410971285799999,2.6464617955999996,875
47265,186790,146551,-1.9788642901999998,9.410971285799999,2.6464617955999996,876
47254,186773,146532,-1.9788642901999998,9.410971285799999,2.6464617955999996,877
47242,186794,146556,-1.9788642901999998,9.410971285799999,2.6464617955999996,878
47255,186797,146551,-1.9788642901999998,9.410971285799999,2.6464617955999996,879
47268,186816,146553,-1.9788642901999998,9.410971285799999,2.6464617955999996,880
47291,186838,146574,-1.9788642901999998,9.410971285799999,2.6464617955999996,881
47295,186843,146576,-1.9788642901999998,9.410971285799999,2.6464617955999996,882
47314,186851,146563,-1.9788642901999998,9.410971285799999,2.6464617955999996,883
47322,186885,146586,-1.9788642901999998,9.410971285799999,2.6464617955999996,884
47327,186894,146549,-1.9788642901999998,9.410971285799999,2.6464617955999996,885
47349,186867,146580,-1.9788642901999998,9.410971285799999,2.6464617955999996,886
47353,186873,146569,-1.9788642901999998,9.410971285799999,2.6464617955999996,887
47298,186801,146555,-1.9788642901999998,9.410971285799999,2.6464617955999996,888
47186,186705,146525,-1.9788642901999998,9.410971285799999,2.6464617955999996,889
47107,186641,146501,-1.9788642901999998,9.410971285799999,2.6464617955999996,890
47069,186627,146504,-1.9788642901999998,9.410971285799999,2.6464617955999996,891
47055,186643,146492,-1.9788642901999998,9.410971285799999,2.6464617955999996,892
47068,186658,146502,-1.9788642901999998,9.410971285799999,2.6464617955999996,893
47074,186619,146522,-1.9788642901999998,9.410971285799999,2.6464617955999996,894
47079,186614,146523,-1.9788642901999998,9.410971285799999,2.6464617955999996,895
47080,186654,146519,-1.9788642901999998,9.410971285799999,2.6464617955999996,896
47070,186627,146528,-1.9788642901999998,9.410971285799999,2.6464617955999996,897
47073,186613,146515,-1.9788642901999998,9.410971285799999,2.6464617955999996,898
47059,186617,146526,-1.9788642901999998,9.410971285799999,2.6464617955999996,899
47070,186625,146526,-1.9788642901999998,9.410971285799999,2.6464617955999996,900
47087,186631,146526,-1.9788642901999998,9.410971285799999,2.6464617955999996,901
47095,186687,146527,-1.9788642901999998,9.410971285799999,2.6464617955999996,902
47113,186665,146550,-1.9788642901999998,9.410971285799999,2.6464617955999996,903
47126,186656,146570,-1.9788642901999998,9.410971285799999,2.6464617955999996,904
47124,186699,146587,-1.9788642901999998,9.410971285799999,2.6464617955999996,905
47147,186692,146574,-1.9788642901999998,9.410971285799999,2.6464617955999996,906
47166,186706,146585,-1.9788642901999998,9.410971285799999,2.6464617955999996,907
47010,185900,146880,-2.0087745727,9.3643112451,2.6500510295,908
47009,185886,146871,-2.0087745727,9.3643112451,2.6500510295,909
47026,185895,146903,-2.0087745727,9.3643112451,2.6500510295,910
47039,185929,146922,-2.0087745727,9.3643112451,2.6500510295,911
47025,185916,146938,-2.0087745727,9.3643112451,2.6500510295,912
47016,185932,146904,-2.0087745727,9.3643112451,2.6500510295,913
47038,185930,146914,-2.0087745727,9.3643112451,2.6500510295,914
47036,185943,146936,-2.0087745727,9.3643112451,2.6500510295,915
47055,185957,146938,-2.0087745727,9.3643112451,2.6500510295,916
47075,185960,146929,-2.0087745727,9.3643112451,2.6500510295,917
47077,185986,146970,-2.0087745727,9.3643112451,2.6500510295,918
47104,186018,146971,-2.0087745727,9.3643112451,2.6500510295,919
47125,185993,146962,-2.0087745727,9.3643112451,2.6500510295,920
47140,186032,146969,-2.0087745727,9.3643112451,2.6500510295,921
47142,186014,146977,-2.0087745727,9.3643112451,2.6500510295,922
47151,186047,146970,-2.0087745727,9.3643112451,2.6500510295,923
47174,186075,146958,-2.0087745727,9.3643112451,2.6500510295,924
47189,186073,146979,-2.0087745727,9.3643112451,2.6500510295,925
47141,186009,146948,-2.0087745727,9.3643112451,2.6500510295,926
47054,185900,146922,-2.0087745727,9.3643112451,2.6500510295,927
46961,185808,146890,-2.0087745727,9.3643112451,2.6500510295,928
46938,185798,146886,-2.0087745727,9.3643112451,2.6500510295,929
46932,185790,146919,-2.0087745727,9.3643112451,2.6500510295,930
46942,185805,146913,-2.0087745727,9.3643112451,2.6500510295,931
46941,185835,146889,-2.0087745727,9.3643112451,2.6500510295,932
46948,185875,146933,-1.7862420709,9.3499543095,2.6703900216,933
46948,185823,146928,-1.7862420709,9.3499543095,2.6703900216,934
46955,185841,146922,-1.7862420709,9.3499543095,2.6703900216,935
46938,185797,146915,-1.7862420709,9.3499543095,2.6703900216,936
46938,185811,146929,-1.7862420709,9.3499543095,2.6703900216,937
46954,185799,146955,-1.7862420709,9.3499543095,2.6703900216,938
46966,185836,146938,-1.7862420709,9.3499543095,2.6703900216,939
46967,185845,146948,-1.7862420709,9.3499543095,2.6703900216,940
46976,185822,146947,-1.7862420709,9.3499543095,2.6703900216,941
46994,185863,146937,-1.7862420709,9.3499543095,2.6703900216,942
46999,185881,146953,-1.7862420709,9.3499543095,2.6703900216,943
47028,185900,147008,-1.7862420709,9.3499543095,2.6703900216,944
47028,185894,146955,-1.7862420709,9.3499543095,2.6703900216,945
47050,185917,146977,-1.7862420709,9.3499543095,2.6703900216,946
47065,185944,146967,-1.7862420709,9.3499543095,2.6703900216,947
47065,185880,146961,-1.7862420709,9.3499543095,2.6703900216,948
46977,185791,146963,-1.7862420709,9.3499543095,2.6703900216,949
46866,185677,146928,-1.7862420709,9.3499543095,2.6703900216,950
46803,185647,146888,-1.7862420709,9.3499543095,2.6703900216,951
46810,185637,146918,-1.7862420709,9.3499543095,2.6703900216,952
46808,185645,146917,-1.7862420709,9.3499543095,2.6703900216,953
46817,185675,146916,-1.7862420709,9.3499543095,2.6703900216,954
46826,185662,146930,-1.7862420709,9.3499543095,2.6703900216,955
46854,185670,146958,-1.7862420709,9.3499543095,2.6703900216,956
46845,185659,146956,-1.7862420709,9.3499543095,2.6703900216,957
46839,185689,146956,-1.7862420709,9.3499543095,2.6703900216,958
46839,185649,146932,-1.7862420709,9.3499543095,2.6703900216,959
46859,185676,146967,-1.7862420709,9.3499543095,2.6703900216,960
46879,185682,146957,-1.7862420709,9.3499543095,2.6703900216,961
46886,185685,146964,-1.7862420709,9.3499543095,2.6703900216,962
46920,185738,146979,-1.7862420709,9.3499543095,2.6703900216,963
46930,185747,146985,-1.7862420709,9.3499543095,2.6703900216,964
46951,185769,146980,-1.7862420709,9.3499543095,2.6703900216,965
46957,185783,147003,-1.7862420709,9.3499543095,2.6703900216,966
46985,185782,146998,-1.7862420709,9.3499543095,2.6703900216,967
47001,185778,147016,-1.7862420709,9.3499543095,2.6703900216,968
47011,185831,146985,-1.7862420709,9.3499543095,2.6703900216,969
47042,185850,147024,-1.7862420709,9.3499543095,2.6703900216,970
47061,185855,147030,-1.7862420709,9.3499543095,2.6703900216,971
46996,185766,146980,-1.7862420709,9.3499543095,2.6703900216,972
46882,185650,146932,-1.7862420709,9.3499543095,2.6703900216,973
46806,185549,146909,-1.7862420709,9.3499543095,2.6703900216,974
46831,185603,146995,-1.8723836845000001,9.3068835027,2.608176634,975
46855,185605,146979,-1.8723836845000001,9.3068835027,2.608176634,976
46855,185648,147000,-1.8723836845000001,9.3068835027,2.608176634,977
46865,185622,147017,-1.8723836845000001,9.3068835027,2.608176634,978
46872,185602,146981,-1.8723836845000001,9.3068835027,2.608176634,979
46891,185657,146988,-1.8723836845000001,9.3068835027,2.608176634,980
46894,185640,147004,-1.8723836845000001,9.3068835027,2.608176634,981
46907,185637,147026,-1.8723836845000001,9.3068835027,2.608176634,982
46936,185676,147026,-1.8723836845000001,9.3068835027,2.608176634,983
46954,185675,147030,-1.8723836845000001,9.3068835027,2.608176634,984
46978,185710,147040,-1.8723836845000001,9.3068835027,2.608176634,985
46986,185739,147005,-1.8723836845000001,9.3068835027,2.608176634,986
46999,185722,147017,-1.8723836845000001,9.3068835027,2.608176634,987
47010,185755,147056,-1.8723836845000001,9.3068835027,2.608176634,988
47032,185761,147060,-1.8723836845000001,9.3068835027,2.608176634,989
47065,185816,147048,-1.8723836845000001,9.3068835027,2.608176634,990
47057,185821,147055,-1.8723836845000001,9.3068835027,2.608176634,991
47033,185729,147030,-1.8723836845000001,9.3068835027,2.608176634,992
46927,185622,146990,-1.8723836845000001,9.3068835027,2.608176634,993
46849,185554,146965,-1.8723836845000001,9.3068835027,2.608176634,994
46841,185521,146964,-1.8723836845000001,9.3068835027,2.608176634,995
46848,185534,146977,-1.8723836845000001,9.3068835027,2.608176634,996
46864,185549,146998,-1.8723836845000001,9.3068835027,2.608176634,997
46878,185568,147013,-1.8723836845000001,9.3068835027,2.608176634,998
46887,185569,147022,-1.8723836845000001,9.3068835027,2.608176634,999
46906,185544,147024,-1.8723836845000001,9.3068835027,2.608176634,1000
46897,185549,147023,-1.8723836845000001,9.3068835027,2.608176634,1001
46896,185533,147013,-1.8723836845000001,9.3068835027,2.608176634,1002
46907,185555,147015,-1.8723836845000001,9.3068835027,2.608176634,1003
46913,185557,147018,-1.8723836845000001,9.3068835027,2.608176634,1004
46950,185577,147036,-1.8723836845000001,9.3068835027,2.608176634,1005
46949,185592,147028,-1.8723836845000001,9.3068835027,2.608176634,1006
46971,185606,147032,-1.8723836845000001,9.3068835027,2.608176634,1007
46994,185592,147041,-1.8723836845000001,9.3068835027,2.608176634,1008
47007,185619,147051,-1.8723836845000001,9.3068835027,2.608176634,1009
47009,185660,147044,-1.8723836845000001,9.3068835027,2.608176634,1010
47026,185640,147060,-1.8723836845000001,9.3068835027,2.608176634,1011
47052,185650,147053,-1.8723836845000001,9.3068835027,2.608176634,1012
47064,185690,147059,-1.8723836845000001,9.3068835027,2.608176634,1013
47046,185643,147024,-1.8723836845000001,9.3068835027,2.608176634,1014
46950,185527,147026,-1.8723836845000001,9.3068835027,2.608176634,1015
46866,185428,146980,-1.8723836845000001,9.3068835027,2.608176634,1016
46878,185301,146976,-1.9669001771999999,9.3942215276,2.5256242543,1017
46904,185351,146975,-1.9669001771999999,9.3942215276,2.5256242543,1018
46924,185360,146979,-1.9669001771999999,9.3942215276,2.5256242543,1019
46924,185364,146991,-1.9669001771999999,9.3942215276,2.5256242543,1020
46943,185377,147004,-1.9669001771999999,9.3942215276,2.5256242543,1021
46957,185407,147006,-1.9669001771999999,9.3942215276,2.5256242543,1022
46951,185386,147021,-1.9669001771999999,9.3942215276,2.5256242543,1023
46933,185370,147008,-1.9669001771999999,9.3942215276,2.5256242543,1024
46952,185409,147004,-1.9669001771999999,9.3942215276,2.5256242543,1025
46971,185380,147032,-1.9669001771999999,9.3942215276,2.5256242543,1026
46980,185417,147021,-1.9669001771999999,9.3942215276,2.5256242543,1027
46994,185442,147014,-1.9669001771999999,9.3942215276,2.5256242543,1028
47016,185432,147029,-1.9669001771999999,9.3942215276,2.5256242543,1029
47026,185414,147034,-1.9669001771999999,9.3942215276,2.5256242543,1030
47031,185450,147006,-1.9669001771999999,9.3942215276,2.5256242543,1031
47038,185446,147022,-1.9669001771999999,9.3942215276,2.5256242543,1032
47051,185474,146996,-1.9669001771999999,9.3942215276,2.5256242543,1033
47053,185501,147029,-1.9669001771999999,9.3942215276,2.5256242543,1034
47051,185502,147012,-1.9669001771999999,9.3942215276,2.5256242543,1035
47026,185413,147014,-1.9669001771999999,9.3942215276,2.5256242543,1036
46918,185294,146950,-1.9669001771999999,9.3942215276,2.5256242543,1037
46837,185191,146963,-1.9669001771999999,9.3942215276,2.5256242543,1038
46791,185142,146925,-1.9669001771999999,9.3942215276,2.5256242543,1039
46799,185197,146939,-1.9669001771999999,9.3942215276,2.5256242543,1040
46795,185200,146939,-1.9669001771999999,9.3942215276,2.5256242543,1041
46793,185207,146955,-1.9669001771999999,9.3942215276,2.5256242543,1042
46813,185191,146926,-1.9669001771999999,9.3942215276,2.5256242543,1043
46806,185248,146962,-1.9669001771999999,9.3942215276,2.5256242543,1044
46804,185210,146960,-1.9669001771999999,9.3942215276,2.5256242543,1045
46795,185221,146946,-1.9669001771999999,9.3942215276,2.5256242543,1046
46804,185241,146976,-1.9669001771999999,9.3942215276,2.5256242543,1047
46811,185214,146976,-1.9669001771999999,9.3942215276,2.5256242543,1048
46823,185240,146972,-1.9669001771999999,9.3942215276,2.5256242543,1049
46849,185281,146972,-1.9669001771999999,9.3942215276,2.5256242543,1050
46850,185278,146978,-1.9669001771999999,9.3942215276,2.5256242543,1051
46868,185329,146991,-1.9669001771999999,9.3942215276,2.5256242543,1052
46861,185324,146981,-1.9669001771999999,9.3942215276,2.5256242543,1053
46896,185330,146965,-1.9669001771999999,9.3942215276,2.5256242543,1054
46901,185350,146955,-1.9669001771999999,9.3942215276,2.5256242543,1055
46923,185341,146975,-1.9669001771999999,9.3942215276,2.5256242543,1056
46952,185359,146998,-1.9669001771999999,9.3942215276,2.5256242543,1057
46908,185336,146967,-1.9669001771999999,9.3942215276,2.5256242543,1058
46698,185003,146891,-1.8963119105000001,9.3104727366,2.6249263922,1059
46726,184990,146896,-1.8963119105000001,9.3104727366,2.6249263922,1060
46733,185039,146903,-1.8963119105000001,9.3104727366,2.6249263922,1061
46762,185050,146891,-1.8963119105000001,9.3104727366,2.6249263922,1062
46765,185039,146904,-1.8963119105000001,9.3104727366,2.6249263922,1063
46775,185090,146933,-1.8963119105000001,9.3104727366,2.6249263922,1064
46797,185094,146922,-1.8963119105000001,9.3104727366,2.6249263922,1065
46805,185062,146923,-1.8963119105000001,9.3104727366,2.6249263922,1066
46810,185084,146930,-1.8963119105000001,9.3104727366,2.6249263922,1067
46733,184937,146867,-1.8963119105000001,9.3104727366,2.6249263922,1068
46636,184830,146836,-1.8963119105000001,9.3104727366,2.6249263922,1069
46561,184772,146819,-1.8963119105000001,9.3104727366,2.6249263922,1070
46561,184755,146827,-1.8963119105000001,9.3104727366,2.6249263922,1071
46555,184752,146843,-1.8963119105000001,9.3104727366,2.6249263922,1072
46558,184786,146843,-1.8963119105000001,9.3104727366,2.6249263922,1073
46569,184773,146878,-1.8963119105000001,9.3104727366,2.6249263922,1074
46597,184794,146862,-1.8963119105000001,9.3104727366,2.6249263922,1075
46586,184813,146865,-1.8963119105000001,9.3104727366,2.6249263922,1076
46577,184778,146817,-1.8963119105000001,9.3104727366,2.6249263922,1077
46585,184760,146843,-1.8963119105000001,9.3104727366,2.6249263922,1078
46594,184785,146850,-1.8963119105000001,9.3104727366,2.6249263922,1079
46613,184800,146872,-1.8963119105000001,9.3104727366,2.6249263922,1080
46621,184792,146858,-1.8963119105000001,9.3104727366,2.6249263922,1081
46634,184823,146883,-1.8963119105000001,9.3104727366,2.6249263922,1082
46658,184872,146919,-1.8963119105000001,9.3104727366,2.6249263922,1083
46683,184849,146878,-1.8963119105000001,9.3104727366,2.6249263922,1084
46688,184859,146880,-1.8963119105000001,9.3104727366,2.6249263922,1085
46706,184878,146888,-1.8963119105000001,9.3104727366,2.6249263922,1086
46734,184927,146868,-1.8963119105000001,9.3104727366,2.6249263922,1087
46738,184922,146885,-1.8963119105000001,9.3104727366,2.6249263922,1088
46761,184941,146897,-1.8963119105000001,9.3104727366,2.6249263922,1089
46785,184943,146916,-1.8963119105000001,9.3104727366,2.6249263922,1090
46721,184842,146872,-1.8963119105000001,9.3104727366,2.6249263922,1091
46606,184699,146805,-1.8963119105000001,9.3104727366,2.6249263922,1092
46545,184585,146805,-1.8963119105000001,9.3104727366,2.6249263922,1093
46529,184600,146823,-1.8963119105000001,9.3104727366,2.6249263922,1094
46548,184646,146810,-1.8963119105000001,9.3104727366,2.6249263922,1095
46559,184652,146847,-1.8963119105000001,9.3104727366,2.6249263922,1096
46564,184636,146828,-1.8963119105000001,9.3104727366,2.6249263922,1097
46566,184629,146840,-1.8963119105000001,9.3104727366,2.6249263922,1098
46596,184644,146841,-1.8963119105000001,9.3104727366,2.6249263922,1099
46581,184659,146843,-1.8963119105000001,9.3104727366,2.6249263922,1100
46335,184236,146704,-1.9633109433,9.3966143502,2.6356940939,1101
46321,184227,146674,-1.9633109433,9.3966143502,2.6356940939,1102
46334,184265,146683,-1.9633109433,9.3966143502,2.6356940939,1103
46351,184259,146696,-1.9633109433,9.3966143502,2.6356940939,1104
46366,184275,146724,-1.9633109433,9.3966143502,2.6356940939,1105
46350,184271,146716,-1.9633109433,9.3966143502,2.6356940939,1106
46371,184276,146714,-1.9633109433,9.3966143502,2.6356940939,1107
46360,184275,146721,-1.9633109433,9.3966143502,2.6356940939,1108
46366,184249,146712,-1.9633109433,9.3966143502,2.6356940939,1109
46380,184271,146708,-1.9633109433,9.3966143502,2.6356940939,1110
46398,184308,146737,-1.9633109433,9.3966143502,2.6356940939,1111
46424,184322,146758,-1.9633109433,9.3966143502,2.6356940939,1112
46445,184344,146778,-1.9633109433,9.3966143502,2.6356940939,1113
46454,184361,146753,-1.9633109433,9.3966143502,2.6356940939,1114
46473,184389,146738,-1.9633109433,9.3966143502,2.6356940939,1115
46483,184424,146761,-1.9633109433,9.3966143502,2.6356940939,1116
46491,184435,146755,-1.9633109433,9.3966143502,2.6356940939,1117
46533,184426,146769,-1.9633109433,9.3966143502,2.6356940939,1118
46555,184470,146760,-1.9633109433,9.3966143502,2.6356940939,1119
46482,184353,146766,-1.9633109433,9.3966143502,2.6356940939,1120
46357,184188,146661,-1.9633109433,9.3966143502,2.6356940939,1121
46285,184122,146658,-1.9633109433,9.3966143502,2.6356940939,1122
46285,184107,146666,-1.9633109433,9.3966143502,2.6356940939,1123
46288,184124,146669,-1.9633109433,9.3966143502,2.6356940939,1124
46293,184121,146677,-1.9633109433,9.3966143502,2.6356940939,1125
46303,184108,146716,-1.9633109433,9.3966143502,2.6356940939,1126
46326,184130,146716,-1.9633109433,9.3966143502,2.6356940939,1127
46335,184134,146717,-1.9633109433,9.3966143502,2.6356940939,1128
46347,184159,146711,-1.9633109433,9.3966143502,2.6356940939,1129
46354,184164,146712,-1.9633109433,9.3966143502,2.6356940939,1130
46360,184166,146727,-1.9633109433,9.3966143502,2.6356940939,1131
46398,184170,146724,-1.9633109433,9.3966143502,2.6356940939,1132
46415,184237,146732,-1.9633109433,9.3966143502,2.6356940939,1133
46427,184252,146733,-1.9633109433,9.3966143502,2.6356940939,1134
46462,184268,146742,-1.9633109433,9.3966143502,2.6356940939,1135
46478,184312,146784,-1.9633109433,9.3966143502,2.6356940939,1136
46501,184351,146758,-1.9633109433,9.3966143502,2.6356940939,1137
46520,184376,146748,-1.9633109433,9.3966143502,2.6356940939,1138
46543,184397,146757,-1.9633109433,9.3966143502,2.6356940939,1139
46554,184393,146771,-1.9633109433,9.3966143502,2.6356940939,1140
46573,184428,146763,-1.9633109433,9.3966143502,2.6356940939,1141
46614,184482,146785,-1.9633109433,9.3966143502,2.6356940939,1142
46679,184618,146790,-1.9214365478,9.3954179389,2.5770699402,1143
46697,184609,146809,-1.9214365478,9.3954179389,2.5770699402,1144
46672,184600,146815,-1.9214365478,9.3954179389,2.5770699402,1145
46576,184448,146727,-1.9214365478,9.3954179389,2.5770699402,1146
46481,184328,146710,-1.9214365478,9.3954179389,2.5770699402,1147
46446,184290,146679,-1.9214365478,9.3954179389,2.5770699402,1148
46431,184307,146710,-1.9214365478,9.3954179389,2.5770699402,1149
46443,184369,146747,-1.9214365478,9.3954179389,2.5770699402,1150
46439,184365,146729,-1.9214365478,9.3954179389,2.5770699402,1151
46447,184382,146745,-1.9214365478,9.3954179389,2.5770699402,1152
46452,184402,146724,-1.9214365478,9.3954179389,2.5770699402,1153
46454,184345,146735,-1.9214365478,9.3954179389,2.5770699402,1154
46454,184355,146718,-1.9214365478,9.3954179389,2.5770699402,1155
46460,184367,146763,-1.9214365478,9.3954179389,2.5770699402,1156
46471,184410,146729,-1.9214365478,9.3954179389,2.5770699402,1157
46476,184414,146744,-1.9214365478,9.3954179389,2.5770699402,1158
46490,184436,146740,-1.9214365478,9.3954179389,2.5770699402,1159
46515,184415,146760,-1.9214365478,9.3954179389,2.5770699402,1160
46524,184475,146751,-1.9214365478,9.3954179389,2.5770699402,1161
46530,184500,146759,-1.9214365478,9.3954179389,2.5770699402,1162
46556,184460,146757,-1.9214365478,9.3954179389,2.5770699402,1163
46577,184510,146761,-1.9214365478,9.3954179389,2.5770699402,1164
46572,184544,146747,-1.9214365478,9.3954179389,2.5770699402,1165
46592,184571,146764,-1.9214365478,9.3954179389,2.5770699402,1166
46601,184529,146766,-1.9214365478,9.3954179389,2.5770699402,1167
46506,184418,146742,-1.9214365478,9.3954179389,2.5770699402,1168
46377,184268,146661,-1.9214365478,9.3954179389,2.5770699402,1169
46334,184212,146690,-1.9214365478,9.3954179389,2.5770699402,1170
46334,184209,146683,-1.9214365478,9.3954179389,2.5770699402,1171
46333,184268,146688,-1.9214365478,9.3954179389,2.5770699402,1172
46340,184231,146729,-1.9214365478,9.3954179389,2.5770699402,1173
46350,184271,146679,-1.9214365478,9.3954179389,2.5770699402,1174
46359,184277,146716,-1.9214365478,9.3954179389,2.5770699402,1175
46366,184314,146720,-1.9214365478,9.3954179389,2.5770699402,1176
46368,184262,146708,-1.9214365478,9.3954179389,2.5770699402,1177
46380,184278,146738,-1.9214365478,9.3954179389,2.5770699402,1178
46402,184302,146728,-1.9214365478,9.3954179389,2.5770699402,1179
46415,184314,146694,-1.9214365478,9.3954179389,2.5770699402,1180
46449,184340,146724,-1.9214365478,9.3954179389,2.5770699402,1181
46462,184398,146751,-1.9214365478,9.3954179389,2.5770699402,1182
46475,184404,146767,-1.9214365478,9.3954179389,2.5770699402,1183
46510,184439,146752,-1.9214365478,9.3954179389,2.5770699402,1184
46584,184530,146785,-1.9286150156,9.343972252999999,2.5938196984,1185
46608,184566,146754,-1.9286150156,9.343972252999999,2.5938196984,1186
46617,184571,146790,-1.9286150156,9.343972252999999,2.5938196984,1187
46618,184589,146776,-1.9286150156,9.343972252999999,2.5938196984,1188
46547,184437,146728,-1.9286150156,9.343972252999999,2.5938196984,1189
46423,184322,146687,-1.9286150156,9.343972252999999,2.5938196984,1190
46365,184266,146687,-1.9286150156,9.343972252999999,2.5938196984,1191
46356,184281,146684,-1.9286150156,9.343972252999999,2.5938196984,1192
46386,184316,146668,-1.9286150156,9.343972252999999,2.5938196984,1193
46398,184301,146735,-1.9286150156,9.343972252999999,2.5938196984,1194
46421,184356,146751,-1.9286150156,9.343972252999999,2.5938196984,1195
46440,184353,146722,-1.9286150156,9.343972252999999,2.5938196984,1196
46444,184344,146769,-1.9286150156,9.343972252999999,2.5938196984,1197
46462,184343,146767,-1.9286150156,9.343972252999999,2.5938196984,1198
46458,184356,146768,-1.9286150156,9.343972252999999,2.5938196984,1199
46480,184370,146746,-1.9286150156,9.343972252999999,2.5938196984,1200
46494,184421,146774,-1.9286150156,9.343972252999999,2.5938196984,1201
46523,184443,146781,-1.9286150156,9.343972252999999,2.5938196984,1202
46534,184484,146774,-1.9286150156,9.343972252999999,2.5938196984,1203
46556,184483,146798,-1.9286150156,9.343972252999999,2.5938196984,1204
46585,184520,146797,-1.9286150156,9.343972252999999,2.5938196984,1205
46604,184491,146796,-1.9286150156,9.343972252999999,2.5938196984,1206
46618,184532,146790,-1.9286150156,9.343972252999999,2.5938196984,1207
46633,184553,146775,-1.9286150156,9.343972252999999,2.5938196984,1208
46645,184588,146769,-1.9286150156,9.343972252999999,2.5938196984,1209
46659,184602,146808,-1.9286150156,9.343972252999999,2.5938196984,1210
46667,184571,146756,-1.9286150156,9.343972252999999,2.5938196984,1211
46577,184455,146736,-1.9286150156,9.343972252999999,2.5938196984,1212
46466,184312,146679,-1.9286150156,9.343972252999999,2.5938196984,1213
46426,184258,146729,-1.9286150156,9.343972252999999,2.5938196984,1214
46430,184311,146719,-1.9286150156,9.343972252999999,2.5938196984,1215
46443,184316,146724,-1.9286150156,9.343972252999999,2.5938196984,1216
46452,184345,146730,-1.9286150156,9.343972252999999,2.5938196984,1217
46472,184342,146715,-1.9286150156,9.343972252999999,2.5938196984,1218
46478,184361,146735,-1.9286150156,9.343972252999999,2.5938196984,1219
46492,184338,146733,-1.9286150156,9.343972252999999,2.5938196984,1220
46485,184358,146704,-1.9286150156,9.343972252999999,2.5938196984,1221
46484,184354,146752,-1.9286150156,9.343972252999999,2.5938196984,1222
46507,184372,146761,-1.9286150156,9.343972252999999,2.5938196984,1223
46521,184422,146756,-1.9286150156,9.343972252999999,2.5938196984,1224
46554,184439,146727,-1.9286150156,9.343972252999999,2.5938196984,1225
46566,184417,146747,-1.9286150156,9.343972252999999,2.5938196984,1226
46709,184604,146749,-1.9884355805999998,9.4420779796,2.5543381254999997,1227
46741,184617,146777,-1.9884355805999998,9.4420779796,2.5543381254999997,1228
46760,184649,146792,-1.9884355805999998,9.4420779796,2.5543381254999997,1229
46716,184568,146738,-1.9884355805999998,9.4420779796,2.5543381254999997,1230
46632,184409,146688,-1.9884355805999998,9.4420779796,2.5543381254999997,1231
46535,184328,146691,-1.9884355805999998,9.4420779796,2.5543381254999997,1232
46528,184349,146683,-1.9884355805999998,9.4420779796,2.5543381254999997,1233
46541,184354,146718,-1.9884355805999998,9.4420779796,2.5543381254999997,1234
46538,184374,146709,-1.9884355805999998,9.4420779796,2.5543381254999997,1235
46552,184389,146725,-1.9884355805999998,9.4420779796,2.5543381254999997,1236
46563,184423,146750,-1.9884355805999998,9.4420779796,2.5543381254999997,1237
46572,184432,146703,-1.9884355805999998,9.4420779796,2.5543381254999997,1238
46578,184421,146749,-1.9884355805999998,9.4420779796,2.5543381254999997,1239
46572,184421,146727,-1.9884355805999998,9.4420779796,2.5543381254999997,1240
46587,184425,146747,-1.9884355805999998,9.4420779796,2.5543381254999997,1241
46599,184447,146747,-1.9884355805999998,9.4420779796,2.5543381254999997,1242
46607,184480,146750,-1.9884355805999998,9.4420779796,2.5543381254999997,1243
46631,184475,146770,-1.9884355805999998,9.4420779796,2.5543381254999997,1244
46657,184525,146746,-1.9884355805999998,9.4420779796,2.5543381254999997,1245
46654,184537,146751,-1.9884355805999998,9.4420779796,2.5543381254999997,1246
46669,184523,146770,-1.9884355805999998,9.4420779796,2.5543381254999997,1247
46681,184559,146766,-1.9884355805999998,9.4420779796,2.5543381254999997,1248
46697,184586,146778,-1.9884355805999998,9.4420779796,2.5543381254999997,1249
46704,184584,146765,-1.9884355805999998,9.4420779796,2.5543381254999997,1250
46663,184510,146770,-1.9884355805999998,9.4420779796,2.5543381254999997,1251
46570,184363,146704,-1.9884355805999998,9.4420779796,2.5543381254999997,1252
46464,184293,146687,-1.9884355805999998,9.4420779796,2.5543381254999997,1253
46435,184253,146685,-1.9884355805999998,9.4420779796,2.5543381254999997,1254
46431,184293,146688,-1.9884355805999998,9.4420779796,2.5543381254999997,1255
46434,184268,146663,-1.9884355805999998,9.4420779796,2.5543381254999997,1256
46436,184300,146724,-1.9884355805999998,9.4420779796,2.5543381254999997,1257
46450,184284,146741,-1.9884355805999998,9.4420779796,2.5543381254999997,1258
46450,184331,146696,-1.9884355805999998,9.4420779796,2.5543381254999997,1259
46449,184322,146714,-1.9884355805999998,9.4420779796,2.5543381254999997,1260
46451,184310,146685,-1.9884355805999998,9.4420779796,2.5543381254999997,1261
46452,184291,146710,-1.9884355805999998,9.4420779796,2.5543381254999997,1262
46463,184351,146702,-1.9884355805999998,9.4420779796,2.5543381254999997,1263
46485,184355,146707,-1.9884355805999998,9.4420779796,2.5543381254999997,1264
46506,184393,146721,-1.9884355805999998,9.4420779796,2.5543381254999997,1265
46511,184383,146742,-1.9884355805999998,9.4420779796,2.5543381254999997,1266
46522,184415,146717,-1.9884355805999998,9.4420779796,2.5543381254999997,1267
46538,184461,146745,-1.9884355805999998,9.4420779796,2.5543381254999997,1268
46333,184066,146675,-1.9824535241,9.3379901965,2.6344976826,1269
46291,184086,146662,-1.9824535241,9.3379901965,2.6344976826,1270
46322,184082,146675,-1.9824535241,9.3379901965,2.6344976826,1271
46318,184118,146693,-1.9824535241,9.3379901965,2.6344976826,1272
46330,184103,146680,-1.9824535241,9.3379901965,2.6344976826,1273
46347,184113,146703,-1.9824535241,9.3379901965,2.6344976826,1274
46366,184124,146682,-1.9824535241,9.3379901965,2.6344976826,1275
46362,184103,146691,-1.9824535241,9.3379901965,2.6344976826,1276
46355,184098,146731,-1.9824535241,9.3379901965,2.6344976826,1277
46388,184159,146669,-1.9824535241,9.3379901965,2.6344976826,1278
46404,184139,146663,-1.9824535241,9.3379901965,2.6344976826,1279
46420,184157,146703,-1.9824535241,9.3379901965,2.6344976826,1280
46439,184218,146726,-1.9824535241,9.3379901965,2.6344976826,1281
46453,184243,146730,-1.9824535241,9.3379901965,2.6344976826,1282
46482,184242,146704,-1.9824535241,9.3379901965,2.6344976826,1283
46492,184260,146735,-1.9824535241,9.3379901965,2.6344976826,1284
46510,184302,146733,-1.9824535241,9.3379901965,2.6344976826,1285
46528,184292,146730,-1.9824535241,9.3379901965,2.6344976826,1286
46556,184340,146770,-1.9824535241,9.3379901965,2.6344976826,1287
46575,184371,146759,-1.9824535241,9.3379901965,2.6344976826,1288
46583,184368,146736,-1.9824535241,9.3379901965,2.6344976826,1289
46609,184390,146763,-1.9824535241,9.3379901965,2.6344976826,1290
46633,184441,146748,-1.9824535241,9.3379901965,2.6344976826,1291
46655,184466,146742,-1.9824535241,9.3379901965,2.6344976826,1292
46668,184494,146754,-1.9824535241,9.3379901965,2.6344976826,1293
46674,184478,146755,-1.9824535241,9.3379901965,2.6344976826,1294
46612,184369,146688,-1.9824535241,9.3379901965,2.6344976826,1295
46498,184208,146627,-1.9824535241,9.3379901965,2.6344976826,1296
46435,184139,146648,-1.9824535241,9.3379901965,2.6344976826,1297
46433,184164,146652,-1.9824535241,9.3379901965,2.6344976826,1298
46439,184190,146685,-1.9824535241,9.3379901965,2.6344976826,1299
46468,184212,146690,-1.9824535241,9.3379901965,2.6344976826,1300
46455,184201,146665,-1.9824535241,9.3379901965,2.6344976826,1301
46472,184179,146666,-1.9824535241,9.3379901965,2.6344976826,1302
46485,184214,146697,-1.9824535241,9.3379901965,2.6344976826,1303
46498,184230,146652,-1.9824535241,9.3379901965,2.6344976826,1304
46506,184240,146671,-1.9824535241,9.3379901965,2.6344976826,1305
46519,184232,146685,-1.9824535241,9.3379901965,2.6344976826,1306
46530,184209,146692,-1.9824535241,9.3379901965,2.6344976826,1307
46538,184249,146706,-1.9824535241,9.3379901965,2.6344976826,1308
46573,184303,146721,-1.9824535241,9.3379901965,2.6344976826,1309
46594,184345,146726,-1.9824535241,9.3379901965,2.6344976826,1310
46763,184534,146775,-1.9453647738,9.407382051899999,2.6249263922,1311
46789,184554,146765,-1.9453647738,9.407382051899999,2.6249263922,1312
46794,184607,146746,-1.9453647738,9.407382051899999,2.6249263922,1313
46728,184478,146705,-1.9453647738,9.407382051899999,2.6249263922,1314
46639,184352,146640,-1.9453647738,9.407382051899999,2.6249263922,1315
46565,184288,146655,-1.9453647738,9.407382051899999,2.6249263922,1316
46550,184299,146641,-1.9453647738,9.407382051899999,2.6249263922,1317
46557,184338,146691,-1.9453647738,9.407382051899999,2.6249263922,1318
46579,184333,146679,-1.9453647738,9.407382051899999,2.6249263922,1319
46591,184342,146694,-1.9453647738,9.407382051899999,2.6249263922,1320
46605,184346,146726,-1.9453647738,9.407382051899999,2.6249263922,1321
46611,184353,146649,-1.9453647738,9.407382051899999,2.6249263922,1322
46606,184365,146706,-1.9453647738,9.407382051899999,2.6249263922,1323
46616,184358,146685,-1.9453647738,9.407382051899999,2.6249263922,1324
46614,184393,146707,-1.9453647738,9.407382051899999,2.6249263922,1325
46625,184379,146739,-1.9453647738,9.407382051899999,2.6249263922,1326
46629,184397,146742,-1.9453647738,9.407382051899999,2.6249263922,1327
46646,184428,146729,-1.9453647738,9.407382051899999,2.6249263922,1328
46657,184444,146706,-1.9453647738,9.407382051899999,2.6249263922,1329
46667,184471,146759,-1.9453647738,9.407382051899999,2.6249263922,1330
46675,184476,146754,-1.9453647738,9.407382051899999,2.6249263922,1331
46684,184490,146716,-1.9453647738,9.407382051899999,2.6249263922,1332
46708,184500,146710,-1.9453647738,9.407382051899999,2.6249263922,1333
46713,184544,146727,-1.9453647738,9.407382051899999,2.6249263922,1334
46726,184547,146749,-1.9453647738,9.407382051899999,2.6249263922,1335
46736,184526,146743,-1.9453647738,9.407382051899999,2.6249263922,1336
46744,184599,146743,-1.9453647738,9.407382051899999,2.6249263922,1337
46772,184589,146770,-1.9453647738,9.407382051899999,2.6249263922,1338
46751,184556,146757,-1.9453647738,9.407382051899999,2.6249263922,1339
46672,184394,146720,-1.9453647738,9.407382051899999,2.6249263922,1340
46551,184275,146648,-1.9453647738,9.407382051899999,2.6249263922,1341
46481,184236,146649,-1.9453647738,9.407382051899999,2.6249263922,1342
46479,184272,146639,-1.9453647738,9.407382051899999,2.6249263922,1343
46485,184260,146656,-1.9453647738,9.407382051899999,2.6249263922,1344
46470,184255,146635,-1.9453647738,9.407382051899999,2.6249263922,1345
46481,184284,146665,-1.9453647738,9.407382051899999,2.6249263922,1346
46482,184294,146666,-1.9453647738,9.407382051899999,2.6249263922,1347
46480,184294,146676,-1.9453647738,9.407382051899999,2.6249263922,1348
46483,184251,146634,-1.9453647738,9.407382051899999,2.6249263922,1349
46486,184261,146667,-1.9453647738,9.407382051899999,2.6249263922,1350
46474,184282,146654,-1.9453647738,9.407382051899999,2.6249263922,1351
46496,184299,146672,-1.9453647738,9.407382051899999,2.6249263922,1352
46649,184510,146721,-1.9417755399,9.4049892293,2.5890340532,1353
46661,184550,146690,-1.9417755399,9.4049892293,2.5890340532,1354
46674,184527,146709,-1.9417755399,9.4049892293,2.5890340532,1355
46687,184544,146675,-1.9417755399,9.4049892293,2.5890340532,1356
46583,184394,146666,-1.9417755399,9.4049892293,2.5890340532,1357
46446,184249,146609,-1.9417755399,9.4049892293,2.5890340532,1358
46392,184193,146559,-1.9417755399,9.4049892293,2.5890340532,1359
46383,184181,146603,-1.9417755399,9.4049892293,2.5890340532,1360
46392,184221,146620,-1.9417755399,9.4049892293,2.5890340532,1361
46393,184233,146644,-1.9417755399,9.4049892293,2.5890340532,1362
46397,184245,146627,-1.9417755399,9.4049892293,2.5890340532,1363
46403,184282,146648,-1.9417755399,9.4049892293,2.5890340532,1364
46406,184275,146631,-1.9417755399,9.4049892293,2.5890340532,1365
46412,184295,146617,-1.9417755399,9.4049892293,2.5890340532,1366
46408,184257,146651,-1.9417755399,9.4049892293,2.5890340532,1367
46431,184264,146637,-1.9417755399,9.4049892293,2.5890340532,1368
46445,184267,146660,-1.9417755399,9.4049892293,2.5890340532,1369
46466,184334,146633,-1.9417755399,9.4049892293,2.5890340532,1370
46484,184338,146649,-1.9417755399,9.4049892293,2.5890340532,1371
46492,184375,146660,-1.9417755399,9.4049892293,2.5890340532,1372
46525,184370,146653,-1.9417755399,9.4049892293,2.5890340532,1373
46542,184382,146685,-1.9417755399,9.4049892293,2.5890340532,1374
46564,184394,146678,-1.9417755399,9.4049892293,2.5890340532,1375
46572,184448,146686,-1.9417755399,9.4049892293,2.5890340532,1376
46585,184457,146680,-1.9417755399,9.4049892293,2.5890340532,1377
46600,184492,146675,-1.9417755399,9.4049892293,2.5890340532,1378
46634,184514,146685,-1.9417755399,9.4049892293,2.5890340532,1379
46654,184530,146708,-1.9417755399,9.4049892293,2.5890340532,1380
46662,184558,146683,-1.9417755399,9.4049892293,2.5890340532,1381
46653,184518,146685,-1.9417755399,9.4049892293,2.5890340532,1382
46545,184348,146648,-1.9417755399,9.4049892293,2.5890340532,1383
46442,184264,146596,-1.9417755399,9.4049892293,2.5890340532,1384
46400,184190,146577,-1.9417755399,9.4049892293,2.5890340532,1385
46410,184243,146654,-1.9417755399,9.4049892293,2.5890340532,1386
46415,184254,146648,-1.9417755399,9.4049892293,2.5890340532,1387
46444,184279,146667,-1.9417755399,9.4049892293,2.5890340532,1388
46459,184300,146644,-1.9417755399,9.4049892293,2.5890340532,1389
46473,184281,146621,-1.9417755399,9.4049892293,2.5890340532,1390
46467,184256,146619,-1.9417755399,9.4049892293,2.5890340532,1391
46470,184259,146645,-1.9417755399,9.4049892293,2.5890340532,1392
46465,184248,146633,-1.9417755399,9.4049892293,2.5890340532,1393
46476,184276,146673,-1.9417755399,9.4049892293,2.5890340532,1394
46453,184124,146588,-1.9764714676,9.2973122123,2.5986053435999996,1395
46467,184163,146628,-1.9764714676,9.2973122123,2.5986053435999996,1396
46481,184177,146629,-1.9764714676,9.2973122123,2.5986053435999996,1397
46495,184198,146609,-1.9764714676,9.2973122123,2.5986053435999996,1398
46510,184224,146616,-1.9764714676,9.2973122123,2.5986053435999996,1399
46543,184243,146625,-1.9764714676,9.2973122123,2.5986053435999996,1400
46575,184275,146649,-1.9764714676,9.2973122123,2.5986053435999996,1401
46582,184289,146628,-1.9764714676,9.2973122123,2.5986053435999996,1402
46607,184308,146662,-1.9764714676,9.2973122123,2.5986053435999996,1403
46623,184356,146620,-1.9764714676,9.2973122123,2.5986053435999996,1404
46651,184370,146637,-1.9764714676,9.2973122123,2.5986053435999996,1405
46624,184269,146598,-1.9764714676,9.2973122123,2.5986053435999996,1406
46513,184102,146572,-1.9764714676,9.2973122123,2.5986053435999996,1407
46424,184018,146540,-1.9764714676,9.2973122123,2.5986053435999996,1408
46396,183972,146517,-1.9764714676,9.2973122123,2.5986053435999996,1409
46392,184025,146528,-1.9764714676,9.2973122123,2.5986053435999996,1410
46411,184034,146535,-1.9764714676,9.2973122123,2.5986053435999996,1411
46426,184025,146547,-1.9764714676,9.2973122123,2.5986053435999996,1412
46437,184050,146539,-1.9764714676,9.2973122123,2.5986053435999996,1413
46456,184060,146580,-1.9764714676,9.2973122123,2.5986053435999996,1414
46445,184045,146539,-1.9764714676,9.2973122123,2.5986053435999996,1415
46456,184032,146555,-1.9764714676,9.2973122123,2.5986053435999996,1416
46452,184028,146564,-1.9764714676,9.2973122123,2.5986053435999996,1417
46466,184028,146578,-1.9764714676,9.2973122123,2.5986053435999996,1418
46494,184084,146565,-1.9764714676,9.2973122123,2.5986053435999996,1419
46521,184130,146557,-1.9764714676,9.2973122123,2.5986053435999996,1420
46546,184145,146558,-1.9764714676,9.2973122123,2.5986053435999996,1421
46553,184154,146570,-1.9764714676,9.2973122123,2.5986053435999996,1422
46565,184185,146584,-1.9764714676,9.2973122123,2.5986053435999996,1423
46584,184195,146595,-1.9764714676,9.2973122123,2.5986053435999996,1424
46599,184228,146611,-1.9764714676,9.2973122123,2.5986053435999996,1425
46632,184232,146585,-1.9764714676,9.2973122123,2.5986053435999996,1426
46633,184250,146592,-1.9764714676,9.2973122123,2.5986053435999996,1427
46596,184180,146571,-1.9764714676,9.2973122123,2.5986053435999996,1428
46493,184032,146498,-1.9764714676,9.2973122123,2.5986053435999996,1429
46427,183927,146488,-1.9764714676,9.2973122123,2.5986053435999996,1430
46397,183928,146475,-1.9764714676,9.2973122123,2.5986053435999996,1431
46412,183960,146519,-1.9764714676,9.2973122123,2.5986053435999996,1432
46427,183972,146512,-1.9764714676,9.2973122123,2.5986053435999996,1433
46438,183977,146538,-1.9764714676,9.2973122123,2.5986053435999996,1434
46452,183979,146545,-1.9764714676,9.2973122123,2.5986053435999996,1435
46465,184007,146561,-1.9764714676,9.2973122123,2.5986053435999996,1436
46570,184131,146582,-2.0626130812,9.3332045513,2.5842484079999997,1437
46570,184169,146586,-2.0626130812,9.3332045513,2.5842484079999997,1438
46589,184176,146542,-2.0626130812,9.3332045513,2.5842484079999997,1439
46595,184130,146575,-2.0626130812,9.3332045513,2.5842484079999997,1440
46531,184025,146512,-2.0626130812,9.3332045513,2.5842484079999997,1441
46413,183846,146465,-2.0626130812,9.3332045513,2.5842484079999997,1442
46338,183763,146486,-2.0626130812,9.3332045513,2.5842484079999997,1443
46332,183787,146458,-2.0626130812,9.3332045513,2.5842484079999997,1444
46331,183799,146456,-2.0626130812,9.3332045513,2.5842484079999997,1445
46329,183809,146499,-2.0626130812,9.3332045513,2.5842484079999997,1446
46331,183787,146490,-2.0626130812,9.3332045513,2.5842484079999997,1447
46348,183810,146496,-2.0626130812,9.3332045513,2.5842484079999997,1448
46346,183853,146503,-2.0626130812,9.3332045513,2.5842484079999997,1449
46351,183822,146485,-2.0626130812,9.3332045513,2.5842484079999997,1450
46360,183817,146501,-2.0626130812,9.3332045513,2.5842484079999997,1451
46351,183822,146504,-2.0626130812,9.3332045513,2.5842484079999997,1452
46368,183865,146525,-2.0626130812,9.3332045513,2.5842484079999997,1453
46383,183861,146487,-2.0626130812,9.3332045513,2.5842484079999997,1454
46399,183879,146543,-2.0626130812,9.3332045513,2.5842484079999997,1455
46417,183954,146528,-2.0003996936,9.3655076564,2.7122644171,1456
46433,183927,146517,-2.0003996936,9.3655076564,2.7122644171,1457
46436,183960,146533,-2.0003996936,9.3655076564,2.7122644171,1458
46457,183990,146552,-2.0003996936,9.3655076564,2.7122644171,1459
46464,184026,146541,-2.0003996936,9.3655076564,2.7122644171,1460
46493,184030,146549,-2.0003996936,9.3655076564,2.7122644171,1461
46511,184056,146568,-1.9286150156,9.4456672135,2.7003003040999998,1462
46475,183977,146517,-1.9286150156,9.4456672135,2.7003003040999998,1463
46356,183800,146482,-1.8472590472,9.5007021333,2.6739792555000004,1464
46249,183682,146443,-1.8472590472,9.5007021333,2.6739792555000004,1465
46223,183664,146468,-1.8472590472,9.5007021333,2.6739792555000004,1466
46226,183695,146468,-1.8472590472,9.5007021333,2.6739792555000004,1467
46224,183681,146437,-1.8472590472,9.5007021333,2.6739792555000004,1468
46218,183680,146471,-1.8472590472,9.5007021333,2.6739792555000004,1469
46233,183697,146524,-1.8472590472,9.5007021333,2.6739792555000004,1470
46241,183711,146502,-1.8472590472,9.5007021333,2.6739792555000004,1471
46258,183700,146504,-1.8472590472,9.5007021333,2.6739792555000004,1472
46243,183709,146491,-1.8472590472,9.5007021333,2.6739792555000004,1473
46249,183732,146520,-1.8472590472,9.5007021333,2.6739792555000004,1474
46276,183794,146497,-1.8472590472,9.5007021333,2.6739792555000004,1475
46273,183768,146490,-1.8472590472,9.5007021333,2.6739792555000004,1476
46306,183826,146500,-1.8472590472,9.5007021333,2.6739792555000004,1477
46331,183860,146523,-1.8472590472,9.5007021333,2.6739792555000004,1478
46349,183833,146545,-1.8472590472,9.5007021333,2.6739792555000004,1479
46369,183896,146585,-1.8472590472,9.5007021333,2.6739792555000004,1480
46400,183933,146556,-1.8472590472,9.5007021333,2.6739792555000004,1481
46403,183940,146578,-1.9956140484,9.4061856406,2.5770699402,1482
46424,183981,146556,-1.9956140484,9.4061856406,2.5770699402,1483
46443,184007,146555,-1.9956140484,9.4061856406,2.5770699402,1484
46456,184016,146570,-1.9405791285999998,9.535398061,2.6009981662,1485
46494,184040,146574,-1.9298114269,9.4337031005,2.5914268758000003,1486
46498,184053,146548,-1.9884355805999998,9.3583291886,2.5938196984,1487
46436,183941,146537,-2.0470597343,9.355936366,2.7003003040999998,1488
46290,183786,146485,-1.8987047331,9.477970318599999,2.644068973,1489
46240,183695,146455,-1.9214365478,9.4061856406,2.6644079651,1490
46223,183757,146508,-1.9992032822999999,9.4456672135,2.7266213527,1491
46245,183723,146526,-1.9633109433,9.499505722,2.6632115538,1492
46253,183745,146532,-2.0207386857,9.391828705,2.620140747,1493
46259,183762,146515,-2.0195422744,9.2985086236,2.5806591741,1494
46265,183790,146528,-1.9322042495,9.3738825355,2.572284295,1495
46279,183803,146512,-1.9525432416,9.327222494799999,2.6452653843,1496
46295,183842,146552,-1.962114532,9.5066841898,2.6249263922,1497
46294,183801,146548,-2.117648001,9.4181497536,2.6991038927999997,1498
46299,183837,146559,-1.8711872732,9.2542414055,2.5411776012,1499
46329,183866,146588,-2.0733807828999997,9.3260260835,2.6739792555000004,1500
46327,183900,146553,-1.9860427579999997,9.3344009626,2.6943182475999996,1501
46346,183904,146605,-2.0386848552,9.399007172800001,2.5555345367999998,1502
46376,183928,146576,-2.0063817501,9.4229353988,2.6763720781,1503
46391,183952,146583,-1.9106688461,9.3475614869,2.6105694566,1504
46429,183982,146586,-2.1738793321000003,9.4420779796,2.7170500623000002,1505
46431,183991,146608,-1.8484554585000001,9.4576313265,2.5674986498,1506
46445,184032,146597,-2.1020946541,9.3511507208,2.6021945774999997,1507
46457,184037,146613,-1.91425808,9.355936366,2.7194428849,1508
46474,184050,146620,-1.9250257817,9.4863451977,2.6380869165,1509
46485,183969,146627,-2.0638094925,9.510273423700001,2.6572294973,1510
46423,183938,146573,-1.9860427579999997,9.260223461999999,2.6392833278,1511
46306,183704,146492,-1.8556339263000001,9.3296153174,2.6057838114000003,1512
46204,183649,146500,-2.0279171535,9.4372923344,2.7218357075,1513
46210,183637,146512,-1.8329021116,9.2793660428,2.6189443356999997,1514
46205,183674,146534,-1.9022939669999999,9.3702933016,2.6799613119999997,1515
46217,183670,146571,-1.8699908619,9.3774717694,2.5579273594000003,1516
46262,183665,146551,-1.8687944506,9.2685983411,2.6344976826,1517
46251,183711,146558,-1.8831513862,9.4145605197,2.6895326024,1518
