green,red,IR,acc_x,acc_y,acc_z,sample_index
104713,185313,226806,0.1890329854,-3.1621150658999997,9.229116768199999,1
104984,185357,226812,0.2440679052,-3.493520996,9.1429751546,2
105187,185403,226849,0.299102825,-3.3678978095,9.152546445,3
105242,185330,226830,0.2105683888,-3.3547372851999997,9.2506521716,4
105259,185394,226878,0.3505485109,-3.3547372851999997,9.2769732202,5
105331,185414,226894,0.2679961312,-3.4049865597999998,9.096315113900001,6
105454,185456,226928,0.131605243,-3.2099715178999997,9.1920280179,7
105643,185355,226902,0.1962114532,-3.3511480513,9.116654106,8
105795,185496,226873,0.20338992099999997,-3.3164521235999995,9.1429751546,9
106026,185545,226912,0.2297109696,-3.1501509529,9.236295236,10
106141,185524,226954,0.1148554848,-3.3080772444999997,9.175278259699999,11
106282,185567,226953,0.2679961312,-3.3164521235999995,9.128618219,12
106249,185566,226906,0.19860427579999998,-3.2542387359999996,9.2087777761,13
105473,185400,226844,0.2321037922,-3.3930224468000003,9.0664048314,14
104513,185257,226807,0.3002992363,-3.3212377687999997,9.2099741874,15
104089,185206,226758,0.2380858487,-3.4002009146,9.1441715659,16
103976,185226,226777,0.191425808,-3.4528430117999998,9.1716890258,17
104148,185215,226763,0.0825523797,-3.2554351473,9.2183490665,18
104267,185275,226776,0.215354034,-3.2338997439000003,9.2183490665,19
104477,185289,226788,0.155533469,-3.4396824875,9.1549392676,20
104716,185330,226833,0.047856452,-3.3212377687999997,9.1860459614,21
104842,185335,226830,0.20458633229999998,-3.2697920829,9.21236701,22
104888,185347,226843,0.2524427843,-3.4624143022,9.178867493599999,23
104914,185332,226827,0.22492532440000002,-3.3439695835000003,9.1956172518,24
105047,185389,226850,0.2979064137,-3.4612178908999995,9.1669033806,25
105180,185406,226866,0.2344966148,-3.3643085755999995,9.0843510009,26
105338,185442,226862,0.2213360905,-3.2853454298,9.1908316066,27
105503,185456,226903,0.17706887240000002,-3.3702906320999997,9.224331123,28
105664,185479,226938,0.18783657410000001,-3.3738798660000002,9.1142612834,29
105820,185380,226899,0.29551359110000003,-3.3523444626,9.1238325738,30
105951,185491,226919,0.21296121140000002,-3.3643085755999995,9.0759761218,31
105595,185418,226869,0.3302095188,-3.4384860762,9.176474671,32
104580,185236,226796,0.11964113,-3.3762726886,9.286544510599999,33
103878,185171,226771,0.2380858487,-3.3463624061,9.2458665264,34
103713,185173,226695,0.1459621786,-3.4408788988000003,9.116654106,35
103793,185154,226754,0.1483550012,-3.3511480513,9.0711904766,36
103941,185197,226769,0.0646062102,-3.3511480513,9.1944208405,37
104181,185281,226797,0.18783657410000001,-3.2877382523999996,9.1573320902,38
104480,185267,226769,0.2105683888,-3.3954152694,9.2458665264,39
104706,185400,226815,0.1579262916,-3.3332018818,9.2506521716,40
104835,185366,226831,0.3182454058,-3.2985059541,9.200402897,41
104930,185343,226839,0.1830509289,-3.3810583338,9.2913301558,42
105017,185377,226823,0.3002992363,-3.2291140987,9.2626162846,43
105198,185397,226898,0.1339980656,-3.3571301077999998,9.2530449942,44
105377,185483,226892,0.12442677519999999,-3.3092736558,9.1956172518,45
105581,185467,226956,0.1962114532,-3.2123643404999997,9.21236701,46
105756,185459,226900,0.1220339526,-3.1740791789,9.272187575,47
105954,185573,226963,0.20338992099999997,-3.1621150658999997,9.1070828156,48
106133,185558,226935,0.1507478238,-3.3044880106,9.299705034899999,49
106298,185559,226945,0.17228322719999997,-3.2506495021,9.2303131795,50
106294,185532,226925,0.21296121140000002,-3.3595229304,9.1836531388,51
105624,185407,226894,0.22492532440000002,-3.2650064377,9.131011041599999,52
104678,185262,226746,0.2440679052,-3.290131075,9.1860459614,53
104282,185184,226757,0.24047867129999997,-3.3942188581,9.2434737038,54
104319,185274,226781,0.215354034,-3.3367911156999996,9.248259349,55
104457,185270,226795,0.20458633229999998,-3.3332018818,9.229116768199999,56
104708,185259,226741,0.1292124204,-3.2626136151000003,9.1429751546,57
105029,185314,226813,0.0933200814,-3.3212377687999997,9.1956172518,58
105240,185360,226842,0.2177468566,-3.3667013982,9.2147598326,59
105352,185391,226804,0.2907279459,-3.2949167202,9.1477607998,60
105337,185358,226783,0.23688943739999999,-3.3367911156999996,9.1070828156,61
105328,185342,226778,0.12442677519999999,-3.3475588174,9.1956172518,62
105418,185372,226809,0.2440679052,-3.361915753,9.1908316066,63
105503,185362,226809,0.30747770409999997,-3.3032915993,9.164510558,64
105639,185372,226786,0.2081755662,-3.4265219632000004,9.1190469286,65
105781,185441,226838,0.2344966148,-3.3834511564,9.164510558,66
105938,185399,226819,0.33140593009999997,-3.4360932536,9.056833541,67
105743,185337,226781,0.3182454058,-3.3128628897,9.1860459614,68
104961,185195,226663,0.13758729949999998,-3.2638100264,9.164510558,69
104288,185097,226662,0.2225325018,-3.385843979,9.121439751199999,70
104125,185089,226636,0.191425808,-3.4959138186,9.0113699116,71
104251,185147,226656,0.19860427579999998,-3.3164521235999995,9.131011041599999,72
104507,185206,226722,0.263210486,-3.3714870434,9.1429751546,73
104835,185257,226727,0.3672982691,-3.23031051,9.265009107200001,74
105113,185296,226744,0.2691925425,-3.3559336964999997,9.2626162846,75
105247,185321,226790,0.33140593009999997,-3.2374889778,9.1908316066,76
105259,185285,226743,0.0538385085,-3.4384860762,9.178867493599999,77
105313,185267,226801,0.2919243572,-3.397808092,9.200402897,78
105425,185281,226822,0.34815568830000004,-3.4624143022,9.152546445,79
105601,185306,226790,0.2739781877,-3.4313076084,9.1836531388,80
105782,185389,226826,0.33140593009999997,-3.4025937372,9.1860459614,81
105991,185435,226857,0.16869399329999998,-3.3643085755999995,9.200402897,82
106155,185448,226880,0.227318147,-3.3906296242,9.1812603162,83
106340,185483,226874,0.2009970984,-3.3667013982,9.2279203569,84
106492,185499,226874,0.2907279459,-3.4205399067,9.176474671,85
106459,185480,226873,0.24646072779999997,-3.3882368016,9.1477607998,86
106024,185411,226805,0.2979064137,-3.3080772444999997,9.176474671,87
104971,185219,226749,0.3182454058,-3.3128628897,9.2674019298,88
104239,185113,226707,0.08135596839999999,-3.4157542615,9.2626162846,89
104109,185147,226668,0.19860427579999998,-3.433700431,9.233902413400001,90
104164,185169,226721,0.16271193679999998,-3.2937203089,9.128618219,91
104277,185190,226686,0.24047867129999997,-3.4049865597999998,9.1956172518,92
104477,185225,226728,0.2344966148,-3.3810583338,9.1334038642,93
104706,185152,226723,0.1220339526,-3.2386853891,9.1573320902,94
104905,185251,226772,0.1639083481,-3.3284162366,9.2518485829,95
104972,185258,226727,0.3218346397,-3.3020951879999996,9.1956172518,96
105005,185320,226744,0.2069791549,-3.3272198253,9.164510558,97
105053,185308,226722,0.095712904,-3.2219356309,9.1597249128,98
105185,185290,226719,0.263210486,-3.4636107135,9.2111705987,99
105359,185390,226782,0.20458633229999998,-3.3930224468000003,9.2793660428,100
105521,185378,226777,0.131605243,-3.3308090592,9.1872423727,101
105695,185396,226804,0.1507478238,-3.3762726886,9.1381895094,102
105856,185440,226833,0.2907279459,-3.3738798660000002,9.1597249128,103
106006,185445,226843,0.2644068973,-3.4169506728,9.104689993,104
106150,185479,226867,0.1483550012,-3.3942188581,9.1669033806,105
105767,185361,226776,0.1603191142,-3.2554351473,9.2255275343,106
104750,185143,226687,0.0705882667,-3.3044880106,9.1932244292,107
104009,185083,226609,0.3361915753,-3.3427731722,9.2674019298,108
103841,185144,226604,0.227318147,-3.2386853891,9.2027957196,109
103917,185141,226618,0.12681959780000002,-3.4384860762,9.09272588,110
104039,185134,226654,0.2165504453,-3.4384860762,9.1573320902,111
104272,185227,226657,0.2021935097,-3.3894332128999998,9.095118702599999,112
104583,185248,226731,0.2081755662,-3.3008987767,9.2231347117,113
104792,185274,226710,0.2775674216,-3.1716863562999995,9.260223461999999,114
104905,185239,226741,0.3038884702,-3.3750762773,9.233902413400001,115
104976,185282,226723,0.12681959780000002,-3.2267212761,9.2674019298,116
105078,185298,226757,0.191425808,-3.2949167202,9.265009107200001,117
105254,185355,226755,0.2225325018,-3.314059301,9.2027957196,118
105460,185395,226823,0.2237289131,-3.2997023654,9.2386880586,119
105668,185419,226817,0.1471585899,-3.3164521235999995,9.219545477799999,120
105881,185433,226835,0.1698904046,-3.3176485349,9.162117735399999,121
106075,185496,226818,0.0693918554,-3.2374889778,9.2697947524,122
106273,185499,226880,0.17587246110000002,-3.266202849,9.176474671,123
106427,185510,226867,0.1926222193,-3.3894332128999998,9.3104727366,124
106561,185524,226906,0.10648060570000001,-3.2638100264,9.248259349,125
106215,185427,226795,0.1866401628,-3.1920253483999996,9.1836531388,126
105197,185265,226683,0.0382851616,-3.3020951879999996,9.1429751546,127
104463,185189,226642,0.1483550012,-3.3343982931,9.068797654,128
104337,185159,226685,0.179461695,-3.3690942208,9.176474671,129
104476,185145,226627,0.1698904046,-3.3355947043999996,9.2793660428,130
104647,185211,226685,0.2081755662,-3.2075786953,9.2937229784,131
104896,185273,226705,0.21296121140000002,-3.2207392196,9.176474671,132
105122,185273,226710,0.17228322719999997,-3.2817561959000003,9.095118702599999,133
105369,185246,226727,0.1639083481,-3.1812576466999998,9.1836531388,134
105413,185316,226703,0.0753739119,-3.3822547451,9.152546445,135
105411,185280,226677,0.155533469,-3.3882368016,9.1633141467,136
105449,185337,226660,0.2667997199,-3.397808092,9.1357966868,137
105538,185271,226706,0.19860427579999998,-3.3954152694,9.2350988247,138
105661,185317,226704,0.1399801221,-3.314059301,9.1908316066,139
105820,185362,226731,0.3158525832,-3.2602207924999997,9.1956172518,140
105974,185369,226725,0.0849452023,-3.3188449462,9.219545477799999,141
106150,185407,226786,0.39361931769999997,-3.3774690999,9.0999043478,142
106315,185393,226774,0.20937197749999997,-3.3475588174,9.0077806777,143
106466,185438,226792,0.179461695,-3.3248270027,9.1692962032,144
106134,185372,226698,0.227318147,-3.2793633733,9.1992064857,145
105160,185143,226586,0.2440679052,-3.326023414,9.1597249128,146
104529,185095,226559,0.2069791549,-3.3631121643,9.121439751199999,147
104388,185165,226537,0.28115665549999996,-3.3523444626,9.081958178299999,148
104579,185156,226575,0.2739781877,-3.3714870434,9.1956172518,149
104821,185186,226645,0.2213360905,-3.3008987767,9.21236701,150
105167,185244,226646,0.24287149389999999,-3.3690942208,9.3116691479,151
105429,185249,226674,0.1698904046,-3.2386853891,9.2518485829,152
105507,185315,226702,0.3002992363,-3.3367911156999996,9.233902413400001,153
105494,185329,226648,0.3900300838,-3.3882368016,9.1812603162,154
105515,185276,226680,0.10169496049999999,-3.2793633733,9.1513500337,155
105628,185313,226645,0.28115665549999996,-3.3750762773,9.116654106,156
105782,185360,226768,0.3266202849,-3.3583265191000002,9.152546445,157
105971,185387,226696,0.09930213789999999,-3.4121650276000004,9.1908316066,158
106145,185352,226800,0.2667997199,-3.3152557123,9.200402897,159
106283,185378,226741,0.24167508259999998,-3.3343982931,9.220741889100001,160
106468,185452,226791,0.18185451760000002,-3.2793633733,9.1573320902,161
106516,185439,226780,0.19860427579999998,-3.3762726886,9.0855474122,162
105870,185177,226697,0.24646072779999997,-3.4073793824000003,9.1800639049,163
104866,185120,226597,0.2440679052,-3.3714870434,9.3487578982,164
104303,185069,226573,0.0873380249,-3.3547372851999997,9.3152583818,165
104251,185114,226549,0.18783657410000001,-3.3487552287,9.176474671,166
104360,185145,226617,0.25363919560000003,-3.3571301077999998,9.1597249128,167
104500,185157,226644,0.0143569356,-3.3056844219,9.1860459614,168
104690,185171,226662,0.2596212521,-3.3403803495999997,9.104689993,169
104941,185219,226666,0.2344966148,-3.2865418411,9.104689993,170
105105,185233,226675,0.263210486,-3.3750762773,9.2219383004,171
105135,185261,226709,0.17228322719999997,-3.3236305914,9.1812603162,172
105162,185289,226662,0.1782652837,-3.2075786953,9.176474671,173
105226,185267,226714,0.0658026215,-3.2769705507,9.2111705987,174
105414,185305,226726,0.191425808,-3.4073793824000003,9.1908316066,175
105576,185359,226740,0.1507478238,-3.2386853891,9.2662055185,176
105731,185409,226755,0.2201396792,-3.337987527,9.1381895094,177
105910,185395,226768,0.18783657410000001,-3.2590243811999997,9.219545477799999,178
106079,185399,226817,0.1112662509,-3.2554351473,9.1992064857,179
106257,185428,226786,0.20338992099999997,-3.3499516399999996,9.095118702599999,180
106233,185431,226774,0.2524427843,-3.385843979,9.1872423727,181
105462,185244,226746,0.1483550012,-3.2721849055,9.1836531388,182
104441,185159,226605,0.16749758199999998,-3.2027930501,9.260223461999999,183
103992,185066,226624,0.0370887503,-3.3284162366,9.1704926145,184
103950,185075,226585,0.16749758199999998,-3.3762726886,9.2219383004,185
104006,185101,226548,0.1866401628,-3.4384860762,9.121439751199999,186
104157,185078,226611,0.1507478238,-3.3798619225,9.117850517299999,187
104401,185188,226649,0.1806581063,-3.266202849,9.2051885422,188
104720,185228,226681,0.0586241537,-3.3248270027,9.2027957196,189
104845,185224,226672,0.16271193679999998,-3.2650064377,9.219545477799999,190
104888,185254,226659,0.1483550012,-3.2434710343,9.224331123,191
104885,185285,226698,0.0502492746,-3.2841490185,9.3020978575,192
105048,185297,226719,0.0669990328,-3.4277183745,9.273383986299999,193
105215,185206,226721,0.1339980656,-3.3355947043999996,9.233902413400001,194
105386,185269,226743,0.08135596839999999,-3.242274623,9.1357966868,195
105584,185308,226737,0.1830509289,-3.1405796625,9.1573320902,196
105760,185329,226756,0.1842473402,-3.2350961552,9.242277292499999,197
105947,185355,226795,0.2548356069,-3.2805597846,9.2566342281,198
106079,185371,226738,0.10648060570000001,-3.2937203089,9.2315095908,199
105804,185312,226718,0.1160518961,-3.2757741394,9.1800639049,200
104917,185222,226579,0.022731814700000002,-3.3320054705,9.1860459614,201
104334,185092,226565,0.0981057266,-3.2638100264,9.2685983411,202
104209,185126,226571,0.1507478238,-3.2410782117,9.1669033806,203
104342,185134,226571,0.1842473402,-3.2554351473,9.2027957196,204
104506,185162,226578,0.1531406464,-3.2027930501,9.224331123,205
104768,185191,226644,0.20458633229999998,-3.2267212761,9.1716890258,206
105115,185267,226667,0.19980068709999999,-3.2602207924999997,9.2374916473,207
105318,185281,226661,0.143569356,-3.3092736558,9.2949193897,208
105358,185295,226678,0.1052841944,-3.1549365981,9.1716890258,209
105353,185256,226649,0.11844471869999999,-3.3667013982,9.1860459614,210
105428,185255,226684,0.11844471869999999,-3.3667013982,9.1860459614,211
105528,185253,226702,0.1172483074,-3.3403803495999997,9.2398844699,212
105664,185284,226704,0.1363908882,-3.3164521235999995,9.1812603162,213
105842,185289,226689,0.1100698396,-3.3702906320999997,9.0903330574,214
106012,185341,226730,0.1292124204,-3.4540394231000002,9.236295236,215
106179,185362,226750,0.24047867129999997,-3.3690942208,9.1692962032,216
106067,185300,226685,0.3002992363,-3.2398818003999996,9.2446701151,217
105236,185120,226544,0.3242274623,-3.3308090592,9.1716890258,218
104429,184963,226498,0.36969109170000003,-3.4923245847,9.1070828156,219
104179,184981,226466,0.2656033086,-3.3272198253,9.008977089,220
104285,185007,226536,0.2081755662,-3.2554351473,9.1501536224,221
104527,185080,226596,0.2081755662,-3.2554351473,9.1501536224,222
104859,185159,226668,0.2081755662,-3.2554351473,9.1501536224,223
105166,185213,226637,0.2081755662,-3.2554351473,9.1501536224,224
105228,185222,226596,0.1782652837,-3.3403803495999997,9.1740818484,225
105307,185161,226654,0.09690931529999999,-3.3284162366,9.188438784,226
105340,185228,226644,0.1603191142,-3.2721849055,9.188438784,227
105458,185255,226652,0.1842473402,-3.3738798660000002,9.2147598326,228
105647,185259,226710,0.20937197749999997,-3.3176485349,9.1417787433,229
105835,185306,226707,0.2261217357,-3.3559336964999997,9.2171526552,230
105998,185332,226749,0.34337004309999997,-3.2602207924999997,9.1357966868,231
106205,185351,226771,0.215354034,-3.3272198253,9.117850517299999,232
106319,185339,226748,0.215354034,-3.3272198253,9.117850517299999,233
105864,185241,226689,0.215354034,-3.3272198253,9.117850517299999,234
104898,185113,226602,0.215354034,-3.3272198253,9.117850517299999,235
104330,185037,226560,0.215354034,-3.3272198253,9.117850517299999,236
104200,185044,226593,0.215354034,-3.3272198253,9.117850517299999,237
104242,185062,226587,0.215354034,-3.3272198253,9.117850517299999,238
104323,185082,226645,0.215354034,-3.3272198253,9.117850517299999,239
104492,185126,226639,0.215354034,-3.3272198253,9.117850517299999,240
104715,185175,226688,0.215354034,-3.3272198253,9.117850517299999,241
104886,185184,226706,0.215354034,-3.3272198253,9.117850517299999,242
104937,185199,226680,0.215354034,-3.3272198253,9.117850517299999,243
104929,185221,226683,0.215354034,-3.3272198253,9.117850517299999,244
104980,185197,226688,0.215354034,-3.3272198253,9.117850517299999,245
105085,185253,226742,0.215354034,-3.3272198253,9.117850517299999,246
105217,185257,226741,0.215354034,-3.3272198253,9.117850517299999,247
105366,185285,226747,0.215354034,-3.3272198253,9.117850517299999,248
105526,185319,226770,0.215354034,-3.3272198253,9.117850517299999,249
105665,185343,226822,0.215354034,-3.3272198253,9.117850517299999,250
105440,185291,226707,0.1698904046,-3.2219356309,9.1238325738,251
104493,185129,226640,0.1698904046,-3.2219356309,9.1238325738,252
103693,185043,226570,0.1698904046,-3.2219356309,9.1238325738,253
103471,185009,226619,0.1698904046,-3.2219356309,9.1238325738,254
103461,185019,226592,0.1698904046,-3.2219356309,9.1238325738,255
103502,185047,226642,0.1698904046,-3.2219356309,9.1238325738,256
103648,185062,226643,0.1698904046,-3.2219356309,9.1238325738,257
103889,185104,226656,0.1698904046,-3.2219356309,9.1238325738,258
104081,185143,226708,0.1698904046,-3.2219356309,9.1238325738,259
104190,185160,226721,0.1698904046,-3.2219356309,9.1238325738,260
104213,185212,226717,0.1698904046,-3.2219356309,9.1238325738,261
104299,185221,226734,0.1698904046,-3.2219356309,9.1238325738,262
104428,185243,226751,0.1698904046,-3.2219356309,9.1238325738,263
104603,185257,226749,0.1698904046,-3.2219356309,9.1238325738,264
104778,185294,226779,0.1698904046,-3.2219356309,9.1238325738,265
104976,185279,226810,0.1698904046,-3.2219356309,9.1238325738,266
105141,185336,226776,0.1698904046,-3.2219356309,9.1238325738,267
105333,185345,226839,0.1698904046,-3.2219356309,9.1238325738,268
105102,185267,226797,0.1698904046,-3.2219356309,9.1238325738,269
104199,185116,226713,0.0981057266,-3.3200413575,9.162117735399999,270
103516,185077,226630,0.0981057266,-3.3200413575,9.162117735399999,271
103339,185044,226649,0.0981057266,-3.3200413575,9.162117735399999,272
103426,185070,226699,0.0981057266,-3.3200413575,9.162117735399999,273
103554,185087,226605,0.0981057266,-3.3200413575,9.162117735399999,274
103771,185100,226673,0.0981057266,-3.3200413575,9.162117735399999,275
104049,185136,226738,0.0981057266,-3.3200413575,9.162117735399999,276
104285,185192,226726,0.0981057266,-3.3200413575,9.162117735399999,277
104391,185194,226750,0.0981057266,-3.3200413575,9.162117735399999,278
104420,185182,226759,0.0981057266,-3.3200413575,9.162117735399999,279
104471,185211,226700,0.0981057266,-3.3200413575,9.162117735399999,280
104579,185201,226761,0.0981057266,-3.3200413575,9.162117735399999,281
104699,185222,226749,0.0981057266,-3.3200413575,9.162117735399999,282
104862,185279,226766,0.0981057266,-3.3200413575,9.162117735399999,283
105010,185285,226777,0.0981057266,-3.3200413575,9.162117735399999,284
105199,185306,226782,0.0981057266,-3.3200413575,9.162117735399999,285
105351,185298,226834,0.0981057266,-3.3200413575,9.162117735399999,286
105018,185237,226753,0.0981057266,-3.3200413575,9.162117735399999,287
104214,185167,226675,0.0981057266,-3.3200413575,9.162117735399999,288
103733,185089,226676,0.0981057266,-3.3200413575,9.162117735399999,289
103638,185063,226626,0.0981057266,-3.3200413575,9.162117735399999,290
103713,185058,226640,0.0981057266,-3.3200413575,9.162117735399999,291
103920,185106,226654,0.0981057266,-3.3200413575,9.162117735399999,292
104204,185227,226722,0.0981057266,-3.3200413575,9.162117735399999,293
104444,185225,226776,0.0981057266,-3.3200413575,9.162117735399999,294
104536,185212,226748,0.0981057266,-3.3200413575,9.162117735399999,295
104552,185254,226743,0.0981057266,-3.3200413575,9.162117735399999,296
104622,185245,226789,0.0981057266,-3.3200413575,9.162117735399999,297
104722,185263,226791,0.0981057266,-3.3200413575,9.162117735399999,298
104873,185305,226853,0.0981057266,-3.3200413575,9.162117735399999,299
105027,185316,226844,0.0981057266,-3.3200413575,9.162117735399999,300
105196,185355,226834,0.0981057266,-3.3200413575,9.162117735399999,301
105354,185365,226814,0.0981057266,-3.3200413575,9.162117735399999,302
105480,185358,226811,0.0981057266,-3.3200413575,9.162117735399999,303
105205,185319,226787,0.0981057266,-3.3200413575,9.162117735399999,304
104322,185207,226719,0.0981057266,-3.3200413575,9.162117735399999,305
103659,185153,226744,0.0981057266,-3.3200413575,9.162117735399999,306
103503,185108,226653,0.0981057266,-3.3200413575,9.162117735399999,307
103566,185134,226706,0.0981057266,-3.3200413575,9.162117735399999,308
103645,185163,226727,0.0981057266,-3.3200413575,9.162117735399999,309
103816,185189,226741,0.0981057266,-3.3200413575,9.162117735399999,310
104036,185204,226773,0.0981057266,-3.3200413575,9.162117735399999,311
104649,185335,226821,0.1746760498,-3.1932217597,9.3009014462,312
104781,185363,226844,0.1746760498,-3.1932217597,9.3009014462,313
104932,185399,226841,0.1746760498,-3.1932217597,9.3009014462,314
105090,185419,226844,0.1746760498,-3.1932217597,9.3009014462,315
105264,185425,226837,0.1746760498,-3.1932217597,9.3009014462,316
105425,185481,226895,0.1746760498,-3.1932217597,9.3009014462,317
105605,185465,226877,0.1746760498,-3.1932217597,9.3009014462,318
105781,185509,226881,0.1746760498,-3.1932217597,9.3009014462,319
105933,185497,226895,0.1746760498,-3.1932217597,9.3009014462,320
105953,185532,226899,0.1746760498,-3.1932217597,9.3009014462,321
105416,185408,226822,0.1746760498,-3.1932217597,9.3009014462,322
104596,185297,226778,0.1746760498,-3.1932217597,9.3009014462,323
104216,185260,226759,0.1746760498,-3.1932217597,9.3009014462,324
104223,185289,226710,0.10289137179999999,-3.1848468806000003,9.2769732202,325
104374,185288,226701,0.16749758199999998,-3.3930224468000003,9.1908316066,326
104520,185326,226748,0.2727817764,-3.2518459134,9.2817588654,327
104865,185343,226769,0.2380858487,-3.2673992603000004,9.219545477799999,328
105065,185417,226821,0.2285145583,-3.2590243811999997,9.2039921309,329
105154,185388,226762,0.16869399329999998,-3.2709884942,9.2446701151,330
105163,185380,226804,0.131605243,-3.2602207924999997,9.4049892293,331
105177,185380,226797,0.131605243,-3.2602207924999997,9.4049892293,332
105244,185376,226783,0.131605243,-3.2602207924999997,9.4049892293,333
105341,185401,226788,0.131605243,-3.2602207924999997,9.4049892293,334
105497,185411,226770,0.131605243,-3.2602207924999997,9.4049892293,335
105620,185456,226829,0.131605243,-3.2602207924999997,9.4049892293,336
105744,185437,226792,0.131605243,-3.2602207924999997,9.4049892293,337
105819,185451,226799,0.131605243,-3.2602207924999997,9.4049892293,338
105872,185431,226819,0.131605243,-3.2602207924999997,9.4049892293,339
105653,185400,226787,0.131605243,-3.2602207924999997,9.4049892293,340
104877,185293,226736,0.131605243,-3.2602207924999997,9.4049892293,341
104194,185243,226673,0.131605243,-3.2602207924999997,9.4049892293,342
104026,185198,226707,0.131605243,-3.2602207924999997,9.4049892293,343
104149,185260,226710,0.19860427579999998,-3.4169506728,9.2374916473,344
104352,185325,226762,0.19860427579999998,-3.4169506728,9.2374916473,345
104591,185320,226764,0.19860427579999998,-3.4169506728,9.2374916473,346
104811,185385,226769,0.19860427579999998,-3.4169506728,9.2374916473,347
104927,185425,226798,0.19860427579999998,-3.4169506728,9.2374916473,348
104924,185368,226802,0.19860427579999998,-3.4169506728,9.2374916473,349
104950,185422,226811,0.2560320182,-3.3355947043999996,9.1381895094,350
105012,185395,226808,0.2213360905,-3.3714870434,9.2554378168,351
105102,185404,226794,0.1292124204,-3.2614172038,9.188438784,352
105259,185435,226796,0.1698904046,-3.2685956716,9.1633141467,353
105386,185454,226779,0.1698904046,-3.2685956716,9.1633141467,354
105539,185463,226860,0.1698904046,-3.2685956716,9.1633141467,355
105689,185512,226855,0.1698904046,-3.2685956716,9.1633141467,356
105801,185509,226878,0.1698904046,-3.2685956716,9.1633141467,357
105953,185547,226861,0.1698904046,-3.2685956716,9.1633141467,358
105787,185485,226812,0.1698904046,-3.2685956716,9.1633141467,359
104899,185342,226787,0.1698904046,-3.2685956716,9.1633141467,360
104040,185244,226713,0.1698904046,-3.2685956716,9.1633141467,361
103715,185212,226676,0.1698904046,-3.2685956716,9.1633141467,362
103676,185244,226683,0.1698904046,-3.2685956716,9.1633141467,363
103758,185241,226709,0.1698904046,-3.2685956716,9.1633141467,364
103876,185279,226678,0.1698904046,-3.2685956716,9.1633141467,365
104092,185307,226723,0.1698904046,-3.2685956716,9.1633141467,366
104312,185320,226778,0.1698904046,-3.2685956716,9.1633141467,367
104386,185350,226755,0.1698904046,-3.2685956716,9.1633141467,368
104421,185354,226738,0.1698904046,-3.2685956716,9.1633141467,369
104447,185361,226811,0.1698904046,-3.2685956716,9.1633141467,370
104562,185381,226790,0.1698904046,-3.2685956716,9.1633141467,371
104707,185372,226795,0.1698904046,-3.2685956716,9.1633141467,372
104860,185434,226771,0.1698904046,-3.2685956716,9.1633141467,373
105044,185438,226795,0.1698904046,-3.2685956716,9.1633141467,374
105201,185460,226817,0.1698904046,-3.2685956716,9.1633141467,375
105336,185507,226843,0.1698904046,-3.2685956716,9.1633141467,376
105518,185497,226889,0.1698904046,-3.2685956716,9.1633141467,377
105628,185536,226836,0.1698904046,-3.2685956716,9.1633141467,378
105515,185443,226837,0.1698904046,-3.2685956716,9.1633141467,379
104665,185311,226745,0.1698904046,-3.2685956716,9.1633141467,380
103803,185239,226710,0.1698904046,-3.2685956716,9.1633141467,381
103541,185218,226729,0.0658026215,-3.2925238975999997,9.2386880586,382
103631,185240,226700,0.0658026215,-3.2925238975999997,9.2386880586,383
103815,185271,226743,0.0658026215,-3.2925238975999997,9.2386880586,384
104033,185289,226751,0.0658026215,-3.2925238975999997,9.2386880586,385
104314,185347,226817,0.0658026215,-3.2925238975999997,9.2386880586,386
104591,185398,226790,0.0658026215,-3.2925238975999997,9.2386880586,387
104719,185382,226772,0.0658026215,-3.2925238975999997,9.2386880586,388
104773,185400,226848,0.0658026215,-3.2925238975999997,9.2386880586,389
104836,185408,226793,0.0658026215,-3.2925238975999997,9.2386880586,390
104953,185398,226782,0.0658026215,-3.2925238975999997,9.2386880586,391
105127,185434,226868,0.0658026215,-3.2925238975999997,9.2386880586,392
105298,185455,226860,0.0658026215,-3.2925238975999997,9.2386880586,393
105465,185467,226872,0.0658026215,-3.2925238975999997,9.2386880586,394
105635,185479,226870,0.24646072779999997,-3.3846475676999996,9.2350988247,395
105785,185507,226821,0.24646072779999997,-3.3846475676999996,9.2350988247,396
105936,185507,226911,0.24646072779999997,-3.3846475676999996,9.2350988247,397
106084,185546,226866,0.24646072779999997,-3.3846475676999996,9.2350988247,398
105942,185493,226837,0.24646072779999997,-3.3846475676999996,9.2350988247,399
105251,185340,226783,0.24646072779999997,-3.3846475676999996,9.2350988247,400
104638,185265,226764,0.24646072779999997,-3.3846475676999996,9.2350988247,401
104494,185250,226729,0.24646072779999997,-3.3846475676999996,9.2350988247,402
104595,185283,226768,0.24646072779999997,-3.3846475676999996,9.2350988247,403
104831,185307,226796,0.24646072779999997,-3.3846475676999996,9.2350988247,404
105137,185321,226798,0.24646072779999997,-3.3846475676999996,9.2350988247,405
105405,185389,226785,0.24646072779999997,-3.3846475676999996,9.2350988247,406
105574,185389,226812,0.24646072779999997,-3.3846475676999996,9.2350988247,407
105613,185418,226812,0.3038884702,-3.3032915993,9.3020978575,408
105596,185375,226802,0.3038884702,-3.3032915993,9.3020978575,409
105566,185362,226805,0.3038884702,-3.3032915993,9.3020978575,410
105558,185380,226765,0.3038884702,-3.3032915993,9.3020978575,411
105599,185393,226815,0.3038884702,-3.3032915993,9.3020978575,412
105736,185415,226850,0.3038884702,-3.3032915993,9.3020978575,413
105923,185454,226868,0.2943171798,-3.266202849,9.284151688,414
106125,185457,226863,0.22492532440000002,-3.3116664784,9.3104727366,415
106300,185513,226896,0.251246373,-3.2853454298,9.2697947524,416
106187,185493,226850,0.2608176634,-3.2997023654,9.206384953499999,417
105399,185321,226818,0.20937197749999997,-3.3308090592,9.165706969299999,418
104767,185246,226713,0.17706887240000002,-3.3499516399999996,9.2506521716,419
104614,185275,226761,0.2333002035,-3.4348968423,9.233902413400001,420
104726,185362,226789,0.1962114532,-3.3427731722,9.1908316066,421
104888,185323,226787,0.17706887240000002,-3.3595229304,9.2853480993,422
105132,185352,226811,0.1459621786,-3.3930224468000003,9.128618219,423
105382,185391,226839,0.2608176634,-3.2626136151000003,9.1692962032,424
105556,185295,226904,0.24047867129999997,-3.290131075,9.200402897,425
105618,185401,226891,0.1639083481,-3.2267212761,9.2530449942,426
105656,185419,226905,0.1974078645,-3.2530423247,9.2147598326,427
105730,185423,226865,0.2081755662,-3.3451659948,9.2147598326,428
105868,185354,226923,0.1531406464,-3.3056844219,9.1716890258,429
106049,185450,226929,0.20338992099999997,-3.3738798660000002,9.162117735399999,430
106262,185480,226969,0.20338992099999997,-3.3738798660000002,9.162117735399999,431
106430,185507,226943,0.20338992099999997,-3.3738798660000002,9.162117735399999,432
106613,185557,226968,0.20338992099999997,-3.3738798660000002,9.162117735399999,433
106763,185557,227019,0.20338992099999997,-3.3738798660000002,9.162117735399999,434
106790,185534,226986,0.20338992099999997,-3.3738798660000002,9.162117735399999,435
106172,185431,226896,0.20338992099999997,-3.3738798660000002,9.162117735399999,436
105285,185288,226841,0.20338992099999997,-3.3738798660000002,9.162117735399999,437
104849,185269,226834,0.20338992099999997,-3.3738798660000002,9.162117735399999,438
104834,185270,226839,0.20338992099999997,-3.3738798660000002,9.162117735399999,439
104952,185287,226867,0.20338992099999997,-3.3738798660000002,9.162117735399999,440
105067,185299,226890,0.20338992099999997,-3.3738798660000002,9.162117735399999,441
105280,185358,226876,0.20338992099999997,-3.3738798660000002,9.162117735399999,442
105511,185388,226918,0.20338992099999997,-3.3738798660000002,9.162117735399999,443
105626,185414,226926,0.20338992099999997,-3.3738798660000002,9.162117735399999,444
105653,185388,226955,0.20338992099999997,-3.3738798660000002,9.162117735399999,445
105685,185373,226944,0.20338992099999997,-3.3738798660000002,9.162117735399999,446
105767,185427,226950,0.20338992099999997,-3.3738798660000002,9.162117735399999,447
105920,185414,226950,0.20338992099999997,-3.3738798660000002,9.162117735399999,448
106071,185461,226974,0.20338992099999997,-3.3738798660000002,9.162117735399999,449
106244,185491,227005,0.20338992099999997,-3.3738798660000002,9.162117735399999,450
106391,185515,227028,0.20338992099999997,-3.3738798660000002,9.162117735399999,451
106547,185521,226973,0.20338992099999997,-3.3738798660000002,9.162117735399999,452
106702,185545,227034,0.20338992099999997,-3.3738798660000002,9.162117735399999,453
106691,185560,227037,0.20338992099999997,-3.3738798660000002,9.162117735399999,454
105967,185406,226977,0.20338992099999997,-3.3738798660000002,9.162117735399999,455
105042,185296,226869,0.20338992099999997,-3.3738798660000002,9.162117735399999,456
104699,185250,226864,0.20338992099999997,-3.3738798660000002,9.162117735399999,457
104716,185259,226855,0.20338992099999997,-3.3738798660000002,9.162117735399999,458
104843,185285,226844,0.20338992099999997,-3.3738798660000002,9.162117735399999,459
105029,185344,226895,0.20338992099999997,-3.3738798660000002,9.162117735399999,460
105245,185340,226902,0.20338992099999997,-3.3738798660000002,9.162117735399999,461
105465,185421,226874,0.20338992099999997,-3.3738798660000002,9.162117735399999,462
105605,185423,226936,0.20338992099999997,-3.3738798660000002,9.162117735399999,463
105605,185401,226960,0.20338992099999997,-3.3738798660000002,9.162117735399999,464
105636,185442,226958,0.20338992099999997,-3.3738798660000002,9.162117735399999,465
105723,185407,226895,0.1351944769,-3.2554351473,9.1956172518,466
105847,185449,226969,0.1351944769,-3.2554351473,9.1956172518,467
106014,185465,226958,0.1351944769,-3.2554351473,9.1956172518,468
106178,185497,226938,0.1351944769,-3.2554351473,9.1956172518,469
106311,185503,226954,0.1351944769,-3.2554351473,9.1956172518,470
106449,185498,226916,0.1351944769,-3.2554351473,9.1956172518,471
106600,185527,226968,0.1351944769,-3.2554351473,9.1956172518,472
106570,185473,226929,0.1351944769,-3.2554351473,9.1956172518,473
105956,185369,226871,0.1351944769,-3.2554351473,9.1956172518,474
105200,185258,226788,0.1351944769,-3.2554351473,9.1956172518,475
104929,185228,226834,0.1351944769,-3.2554351473,9.1956172518,476
104979,185262,226790,0.1351944769,-3.2554351473,9.1956172518,477
105163,185277,226801,0.1351944769,-3.2554351473,9.1956172518,478
105422,185325,226845,0.1351944769,-3.2554351473,9.1956172518,479
105704,185357,226837,0.1351944769,-3.2554351473,9.1956172518,480
105884,185394,226893,0.1351944769,-3.2554351473,9.1956172518,481
105897,185363,226852,0.1351944769,-3.2554351473,9.1956172518,482
105891,185394,226804,0.1351944769,-3.2554351473,9.1956172518,483
105955,185365,226865,0.1351944769,-3.2554351473,9.1956172518,484
106061,185386,226842,0.1351944769,-3.2554351473,9.1956172518,485
106148,185409,226881,0.1351944769,-3.2554351473,9.1956172518,486
106198,185404,226889,0.1351944769,-3.2554351473,9.1956172518,487
106248,185395,226911,0.1351944769,-3.2554351473,9.1956172518,488
106290,185429,226899,0.1351944769,-3.2554351473,9.1956172518,489
106363,185409,226876,0.1351944769,-3.2554351473,9.1956172518,490
105975,185367,226854,0.1351944769,-3.2554351473,9.1956172518,491
105184,185285,226792,0.1351944769,-3.2554351473,9.1956172518,492
104718,185190,226736,0.1351944769,-3.2554351473,9.1956172518,493
104659,185210,226771,0.1351944769,-3.2554351473,9.1956172518,494
104776,185233,226794,0.1351944769,-3.2554351473,9.1956172518,495
104928,185271,226827,0.1351944769,-3.2554351473,9.1956172518,496
105163,185309,226823,0.1351944769,-3.2554351473,9.1956172518,497
105371,185342,226819,0.1351944769,-3.2554351473,9.1956172518,498
105461,185335,226844,0.1351944769,-3.2554351473,9.1956172518,499
105488,185329,226866,0.1351944769,-3.2554351473,9.1956172518,500
105495,185313,226845,0.1351944769,-3.2554351473,9.1956172518,501
105592,185364,226867,0.1351944769,-3.2554351473,9.1956172518,502
105737,185392,226887,0.1351944769,-3.2554351473,9.1956172518,503
105916,185398,226867,0.1351944769,-3.2554351473,9.1956172518,504
106064,185419,226886,0.1351944769,-3.2554351473,9.1956172518,505
106239,185449,226911,0.1351944769,-3.2554351473,9.1956172518,506
106382,185480,226924,0.1351944769,-3.2554351473,9.1956172518,507
104819,185289,226758,0.191425808,-3.3547372851999997,9.1142612834,508
104857,185250,226805,0.191425808,-3.3547372851999997,9.1142612834,509
104898,185271,226757,0.191425808,-3.3547372851999997,9.1142612834,510
105013,185270,226813,0.191425808,-3.3547372851999997,9.1142612834,511
105150,185316,226820,0.191425808,-3.3547372851999997,9.1142612834,512
105308,185354,226840,0.191425808,-3.3547372851999997,9.1142612834,513
105464,185358,226849,0.191425808,-3.3547372851999997,9.1142612834,514
105622,185364,226887,0.191425808,-3.3547372851999997,9.1142612834,515
105766,185415,226896,0.191425808,-3.3547372851999997,9.1142612834,516
105735,185412,226840,0.191425808,-3.3547372851999997,9.1142612834,517
104990,185238,226784,0.191425808,-3.3547372851999997,9.1142612834,518
104066,185123,226717,0.191425808,-3.3547372851999997,9.1142612834,519
103692,185099,226674,0.191425808,-3.3547372851999997,9.1142612834,520
103697,185087,226686,0.191425808,-3.3547372851999997,9.1142612834,521
103843,185140,226771,0.191425808,-3.3547372851999997,9.1142612834,522
104011,185146,226753,0.191425808,-3.3547372851999997,9.1142612834,523
104280,185250,226735,0.191425808,-3.3547372851999997,9.1142612834,524
104565,185245,226823,0.191425808,-3.3547372851999997,9.1142612834,525
104720,185306,226813,0.191425808,-3.3547372851999997,9.1142612834,526
104755,185249,226798,0.191425808,-3.3547372851999997,9.1142612834,527
104836,185318,226771,0.191425808,-3.3547372851999997,9.1142612834,528
104971,185303,226818,0.191425808,-3.3547372851999997,9.1142612834,529
105122,185325,226861,0.191425808,-3.3547372851999997,9.1142612834,530
105293,185361,226827,0.191425808,-3.3547372851999997,9.1142612834,531
105487,185368,226849,0.191425808,-3.3547372851999997,9.1142612834,532
105640,185392,226893,0.191425808,-3.3547372851999997,9.1142612834,533
105787,185380,226819,0.191425808,-3.3547372851999997,9.1142612834,534
105851,185405,226841,0.191425808,-3.3547372851999997,9.1142612834,535
105287,185259,226768,0.191425808,-3.3547372851999997,9.1142612834,536
104468,185118,226748,0.191425808,-3.3547372851999997,9.1142612834,537
104145,185104,226725,0.191425808,-3.3547372851999997,9.1142612834,538
104169,185111,226661,0.191425808,-3.3547372851999997,9.1142612834,539
104356,185176,226739,0.191425808,-3.3547372851999997,9.1142612834,540
104624,185196,226729,0.191425808,-3.3547372851999997,9.1142612834,541
104940,185225,226766,0.191425808,-3.3547372851999997,9.1142612834,542
105175,185249,226751,0.191425808,-3.3547372851999997,9.1142612834,543
105252,185260,226778,0.191425808,-3.3547372851999997,9.1142612834,544
105280,185244,226762,0.191425808,-3.3547372851999997,9.1142612834,545
105328,185275,226787,0.1734796385,-3.3020951879999996,9.1381895094,546
105439,185283,226794,0.1734796385,-3.3020951879999996,9.1381895094,547
105590,185306,226782,0.1734796385,-3.3020951879999996,9.1381895094,548
105779,185344,226833,0.1734796385,-3.3020951879999996,9.1381895094,549
105961,185366,226805,0.1734796385,-3.3020951879999996,9.1381895094,550
106118,185407,226886,0.1734796385,-3.3020951879999996,9.1381895094,551
106149,185367,226785,0.1734796385,-3.3020951879999996,9.1381895094,552
105575,185283,226767,0.1734796385,-3.3020951879999996,9.1381895094,553
104647,185096,226646,0.1734796385,-3.3020951879999996,9.1381895094,554
104217,185068,226662,0.1734796385,-3.3020951879999996,9.1381895094,555
104251,185125,226617,0.1734796385,-3.3020951879999996,9.1381895094,556
104448,185203,226724,0.1734796385,-3.3020951879999996,9.1381895094,557
104680,185237,226741,0.1734796385,-3.3020951879999996,9.1381895094,558
104958,185247,226752,0.1734796385,-3.3020951879999996,9.1381895094,559
105171,185255,226790,0.1734796385,-3.3020951879999996,9.1381895094,560
105229,185253,226787,0.1734796385,-3.3020951879999996,9.1381895094,561
105258,185275,226794,0.1734796385,-3.3020951879999996,9.1381895094,562
105338,185274,226808,0.1734796385,-3.3020951879999996,9.1381895094,563
105475,185291,226798,0.1734796385,-3.3020951879999996,9.1381895094,564
105656,185293,226840,0.1734796385,-3.3020951879999996,9.1381895094,565
105833,185349,226844,0.1734796385,-3.3020951879999996,9.1381895094,566
106012,185387,226862,0.1734796385,-3.3020951879999996,9.1381895094,567
106157,185385,226875,0.1734796385,-3.3020951879999996,9.1381895094,568
106284,185430,226858,0.1734796385,-3.3020951879999996,9.1381895094,569
105954,185324,226780,0.1734796385,-3.3020951879999996,9.1381895094,570
105018,185192,226745,0.1734796385,-3.3020951879999996,9.1381895094,571
104349,185118,226676,0.1734796385,-3.3020951879999996,9.1381895094,572
104175,185086,226671,0.1734796385,-3.3020951879999996,9.1381895094,573
104251,185129,226694,0.1734796385,-3.3020951879999996,9.1381895094,574
104357,185153,226705,0.1734796385,-3.3020951879999996,9.1381895094,575
104493,185142,226743,0.1734796385,-3.3020951879999996,9.1381895094,576
104749,185194,226765,0.1734796385,-3.3020951879999996,9.1381895094,577
104971,185227,226768,0.29551359110000003,-3.3930224468000003,9.2027957196,578
105039,185233,226843,0.29551359110000003,-3.3930224468000003,9.2027957196,579
105088,185229,226816,0.29551359110000003,-3.3930224468000003,9.2027957196,580
105167,185239,226790,0.29551359110000003,-3.3930224468000003,9.2027957196,581
105296,185290,226876,0.29551359110000003,-3.3930224468000003,9.2027957196,582
105491,185287,226884,0.29551359110000003,-3.3930224468000003,9.2027957196,583
105647,185315,226871,0.29551359110000003,-3.3930224468000003,9.2027957196,584
105839,185354,226886,0.29551359110000003,-3.3930224468000003,9.2027957196,585
105989,185374,226851,0.29551359110000003,-3.3930224468000003,9.2027957196,586
106151,185393,226969,0.29551359110000003,-3.3930224468000003,9.2027957196,587
105960,185334,226850,0.29551359110000003,-3.3930224468000003,9.2027957196,588
105011,185176,226788,0.29551359110000003,-3.3930224468000003,9.2027957196,589
104222,185083,226727,0.29551359110000003,-3.3930224468000003,9.2027957196,590
103997,185033,226712,0.29551359110000003,-3.3930224468000003,9.2027957196,591
104027,185044,226736,0.29551359110000003,-3.3930224468000003,9.2027957196,592
104125,185097,226797,0.29551359110000003,-3.3930224468000003,9.2027957196,593
104322,185143,226756,0.29551359110000003,-3.3930224468000003,9.2027957196,594
104632,185183,226812,0.29551359110000003,-3.3930224468000003,9.2027957196,595
104902,185277,226831,0.29551359110000003,-3.3930224468000003,9.2027957196,596
105051,185258,226860,0.29551359110000003,-3.3930224468000003,9.2027957196,597
105105,185230,226866,0.29551359110000003,-3.3930224468000003,9.2027957196,598
105168,185247,226831,0.29551359110000003,-3.3930224468000003,9.2027957196,599
105305,185306,226860,0.29551359110000003,-3.3930224468000003,9.2027957196,600
105478,185338,226949,0.29551359110000003,-3.3930224468000003,9.2027957196,601
105677,185356,226900,0.29551359110000003,-3.3930224468000003,9.2027957196,602
105878,185373,226955,0.29551359110000003,-3.3930224468000003,9.2027957196,603
106051,185388,226984,0.29551359110000003,-3.3930224468000003,9.2027957196,604
106249,185414,226974,0.29551359110000003,-3.3930224468000003,9.2027957196,605
106411,185417,227021,0.29551359110000003,-3.3930224468000003,9.2027957196,606
106205,185370,226958,0.29551359110000003,-3.3930224468000003,9.2027957196,607
105301,185220,226878,0.29551359110000003,-3.3930224468000003,9.2027957196,608
104580,185113,226839,0.29551359110000003,-3.3930224468000003,9.2027957196,609
104431,185100,226800,0.29551359110000003,-3.3930224468000003,9.2027957196,610
104522,185137,226806,0.29551359110000003,-3.3930224468000003,9.2027957196,611
104718,185172,226852,0.29551359110000003,-3.3930224468000003,9.2027957196,612
105009,185193,226851,0.29551359110000003,-3.3930224468000003,9.2027957196,613
105287,185243,226894,0.29551359110000003,-3.3930224468000003,9.2027957196,614
105490,185284,226878,0.29551359110000003,-3.3930224468000003,9.2027957196,615
105489,185278,226889,0.29551359110000003,-3.3930224468000003,9.2027957196,616
105505,185243,226885,0.29551359110000003,-3.3930224468000003,9.2027957196,617
105550,185278,226915,0.29551359110000003,-3.3930224468000003,9.2027957196,618
105660,185280,226865,0.29551359110000003,-3.3930224468000003,9.2027957196,619
104321,185083,226847,0.22492532440000002,-3.1621150658999997,9.2757768089,620
104536,185118,226864,0.22492532440000002,-3.1621150658999997,9.2757768089,621
104626,185125,226859,0.22492532440000002,-3.1621150658999997,9.2757768089,622
104648,185138,226815,0.22492532440000002,-3.1621150658999997,9.2757768089,623
104709,185131,226839,0.22492532440000002,-3.1621150658999997,9.2757768089,624
104859,185144,226893,0.22492532440000002,-3.1621150658999997,9.2757768089,625
105006,185142,226901,0.22492532440000002,-3.1621150658999997,9.2757768089,626
105207,185222,226935,0.22492532440000002,-3.1621150658999997,9.2757768089,627
105351,185219,226986,0.22492532440000002,-3.1621150658999997,9.2757768089,628
105522,185259,226956,0.22492532440000002,-3.1621150658999997,9.2757768089,629
105693,185259,226909,0.22492532440000002,-3.1621150658999997,9.2757768089,630
105606,185220,226971,0.22492532440000002,-3.1621150658999997,9.2757768089,631
104722,185048,226928,0.22492532440000002,-3.1621150658999997,9.2757768089,632
103763,184915,226790,0.22492532440000002,-3.1621150658999997,9.2757768089,633
103442,184891,226771,0.22492532440000002,-3.1621150658999997,9.2757768089,634
103459,184924,226761,0.22492532440000002,-3.1621150658999997,9.2757768089,635
103606,184976,226809,0.22492532440000002,-3.1621150658999997,9.2757768089,636
103795,185019,226855,0.22492532440000002,-3.1621150658999997,9.2757768089,637
104103,185062,226908,0.22492532440000002,-3.1621150658999997,9.2757768089,638
104429,185101,226954,0.22492532440000002,-3.1621150658999997,9.2757768089,639
104634,185160,226937,0.22492532440000002,-3.1621150658999997,9.2757768089,640
104728,185171,226974,0.22492532440000002,-3.1621150658999997,9.2757768089,641
104819,185143,226910,0.22492532440000002,-3.1621150658999997,9.2757768089,642
104967,185204,226947,0.22492532440000002,-3.1621150658999997,9.2757768089,643
105154,185240,226931,0.22492532440000002,-3.1621150658999997,9.2757768089,644
105353,185232,227015,0.22492532440000002,-3.1621150658999997,9.2757768089,645
105558,185281,227033,0.22492532440000002,-3.1621150658999997,9.2757768089,646
105753,185289,226989,0.22492532440000002,-3.1621150658999997,9.2757768089,647
105908,185304,227032,0.22492532440000002,-3.1621150658999997,9.2757768089,648
106061,185322,227077,0.22492532440000002,-3.1621150658999997,9.2757768089,649
106103,185299,227031,0.22492532440000002,-3.1621150658999997,9.2757768089,650
105394,185148,226946,0.22492532440000002,-3.1621150658999997,9.2757768089,651
104457,185005,226842,0.2500499617,-3.314059301,9.1992064857,652
104060,184975,226802,0.2500499617,-3.314059301,9.1992064857,653
104110,184969,226817,0.2500499617,-3.314059301,9.1992064857,654
104291,185043,226880,0.2500499617,-3.314059301,9.1992064857,655
104513,185046,226880,0.2500499617,-3.314059301,9.1992064857,656
104838,185094,226920,0.2500499617,-3.314059301,9.1992064857,657
105051,185120,226911,0.2500499617,-3.314059301,9.1992064857,658
105152,185139,226899,0.2500499617,-3.314059301,9.1992064857,659
105154,185119,226919,0.2500499617,-3.314059301,9.1992064857,660
105219,185119,226905,0.2500499617,-3.314059301,9.1992064857,661
105336,185138,226884,0.2500499617,-3.314059301,9.1992064857,662
105476,185142,226935,0.2500499617,-3.314059301,9.1992064857,663
105653,185190,226969,0.19381863059999999,-3.2829526072,9.162117735399999,664
105180,185052,226879,0.191425808,-3.2291140987,9.0855474122,665
105316,185128,226887,0.23569302609999998,-3.242274623,9.2566342281,666
105334,185120,226887,0.2009970984,-3.3523444626,9.2937229784,667
105339,185155,226888,0.24646072779999997,-3.2195428083000004,9.1980100744,668
105442,185120,226907,0.3002992363,-3.3487552287,9.1441715659,669
105601,185244,226924,0.3218346397,-3.2123643404999997,9.121439751199999,670
105792,185232,226994,0.21894326790000002,-3.2805597846,9.165706969299999,671
105968,185255,226993,0.1866401628,-3.3439695835000003,9.2051885422,672
106116,185256,226988,0.1866401628,-3.3439695835000003,9.2051885422,673
106294,185279,226970,0.1866401628,-3.3439695835000003,9.2051885422,674
106400,185263,226972,0.1866401628,-3.3439695835000003,9.2051885422,675
105981,185193,226949,0.1866401628,-3.3439695835000003,9.2051885422,676
104936,185003,226834,0.1866401628,-3.3439695835000003,9.2051885422,677
104284,184942,226795,0.1866401628,-3.3439695835000003,9.2051885422,678
104139,184937,226777,0.1866401628,-3.3439695835000003,9.2051885422,679
104186,184978,226784,0.1866401628,-3.3439695835000003,9.2051885422,680
104301,184972,226826,0.1866401628,-3.3439695835000003,9.2051885422,681
104464,185016,226817,0.1866401628,-3.3439695835000003,9.2051885422,682
104692,185041,226814,0.1866401628,-3.3439695835000003,9.2051885422,683
104882,185082,226870,0.1866401628,-3.3439695835000003,9.2051885422,684
104954,185092,226878,0.1866401628,-3.3439695835000003,9.2051885422,685
104971,185092,226887,0.1866401628,-3.3439695835000003,9.2051885422,686
105043,185102,226876,0.1866401628,-3.3439695835000003,9.2051885422,687
105177,185120,226928,0.1866401628,-3.3439695835000003,9.2051885422,688
105344,185183,226896,0.1866401628,-3.3439695835000003,9.2051885422,689
105551,185184,226907,0.1866401628,-3.3439695835000003,9.2051885422,690
105699,185184,226942,0.1866401628,-3.3439695835000003,9.2051885422,691
105872,185240,227000,0.1866401628,-3.3439695835000003,9.2051885422,692
106020,185239,226938,0.1866401628,-3.3439695835000003,9.2051885422,693
106076,185218,226918,0.1866401628,-3.3439695835000003,9.2051885422,694
105390,185105,226883,0.1866401628,-3.3439695835000003,9.2051885422,695
104340,184933,226771,0.1866401628,-3.3439695835000003,9.2051885422,696
103790,184875,226728,0.1866401628,-3.3439695835000003,9.2051885422,697
103745,184913,226715,0.1866401628,-3.3439695835000003,9.2051885422,698
103817,184890,226744,0.2979064137,-3.3499516399999996,9.1070828156,699
103929,184954,226803,0.2979064137,-3.3499516399999996,9.1070828156,700
104166,185023,226864,0.2979064137,-3.3499516399999996,9.1070828156,701
104462,185051,226794,0.2979064137,-3.3499516399999996,9.1070828156,702
104663,185069,226830,0.2979064137,-3.3499516399999996,9.1070828156,703
104709,185092,226842,0.2979064137,-3.3499516399999996,9.1070828156,704
104779,185082,226835,0.2979064137,-3.3499516399999996,9.1070828156,705
104876,185119,226826,0.2979064137,-3.3499516399999996,9.1070828156,706
105028,185182,226890,0.2979064137,-3.3499516399999996,9.1070828156,707
105209,185173,226890,0.2979064137,-3.3499516399999996,9.1070828156,708
105392,185208,226904,0.2979064137,-3.3499516399999996,9.1070828156,709
105567,185235,226948,0.2979064137,-3.3499516399999996,9.1070828156,710
105747,185267,226919,0.2979064137,-3.3499516399999996,9.1070828156,711
105889,185282,226915,0.2979064137,-3.3499516399999996,9.1070828156,712
106034,185271,226937,0.2979064137,-3.3499516399999996,9.1070828156,713
105874,185245,226905,0.2979064137,-3.3499516399999996,9.1070828156,714
104963,185061,226800,0.2979064137,-3.3499516399999996,9.1070828156,715
104059,184910,226708,0.2979064137,-3.3499516399999996,9.1070828156,716
103811,184920,226672,0.2979064137,-3.3499516399999996,9.1070828156,717
103850,184931,226699,0.2979064137,-3.3499516399999996,9.1070828156,718
104017,184959,226714,0.2979064137,-3.3499516399999996,9.1070828156,719
104222,185021,226710,0.2979064137,-3.3499516399999996,9.1070828156,720
104513,185066,226760,0.2979064137,-3.3499516399999996,9.1070828156,721
104666,185066,226677,0.2979064137,-3.3499516399999996,9.1070828156,722
104665,185060,226772,0.2979064137,-3.3499516399999996,9.1070828156,723
104614,185031,226676,0.2979064137,-3.3499516399999996,9.1070828156,724
104608,185033,226731,0.2105683888,-3.3475588174,9.162117735399999,725
104711,185055,226714,0.2105683888,-3.3475588174,9.162117735399999,726
104803,185063,226688,0.18185451760000002,-3.2554351473,9.2051885422,727
104942,185114,226686,0.18185451760000002,-3.2554351473,9.2051885422,728
105083,185086,226741,0.18185451760000002,-3.2554351473,9.2051885422,729
105110,185093,226727,0.18185451760000002,-3.2554351473,9.2051885422,730
104487,184967,226621,0.18185451760000002,-3.2554351473,9.2051885422,731
103479,184821,226507,0.18185451760000002,-3.2554351473,9.2051885422,732
102974,184727,226505,0.18185451760000002,-3.2554351473,9.2051885422,733
103002,184778,226518,0.18185451760000002,-3.2554351473,9.2051885422,734
103195,184834,226551,0.18185451760000002,-3.2554351473,9.2051885422,735
103492,184908,226585,0.18185451760000002,-3.2554351473,9.2051885422,736
103826,184989,226658,0.18185451760000002,-3.2554351473,9.2051885422,737
104033,184996,226645,0.18185451760000002,-3.2554351473,9.2051885422,738
104066,185027,226697,0.18185451760000002,-3.2554351473,9.2051885422,739
104060,185018,226645,0.18185451760000002,-3.2554351473,9.2051885422,740
104133,185036,226687,0.18185451760000002,-3.2554351473,9.2051885422,741
104274,185096,226680,0.18185451760000002,-3.2554351473,9.2051885422,742
104467,185067,226717,0.18185451760000002,-3.2554351473,9.2051885422,743
104662,185135,226715,0.18185451760000002,-3.2554351473,9.2051885422,744
104826,185152,226738,0.18185451760000002,-3.2554351473,9.2051885422,745
104991,185179,226768,0.18185451760000002,-3.2554351473,9.2051885422,746
105139,185198,226766,0.18185451760000002,-3.2554351473,9.2051885422,747
105261,185197,226805,0.18185451760000002,-3.2554351473,9.2051885422,748
105231,185194,226738,0.18185451760000002,-3.2554351473,9.2051885422,749
104362,185002,226638,0.2165504453,-3.2757741394,9.21236701,750
103276,184880,226569,0.2165504453,-3.2757741394,9.21236701,751
102785,184822,226511,0.2165504453,-3.2757741394,9.21236701,752
102755,184851,226538,0.2165504453,-3.2757741394,9.21236701,753
102852,184891,226511,0.2165504453,-3.2757741394,9.21236701,754
102972,184852,226578,0.2165504453,-3.2757741394,9.21236701,755
103197,184926,226582,0.2165504453,-3.2757741394,9.21236701,756
103447,184951,226597,0.2165504453,-3.2757741394,9.21236701,757
103600,184982,226624,0.2165504453,-3.2757741394,9.21236701,758
103624,184978,226624,0.2165504453,-3.2757741394,9.21236701,759
103654,184982,226634,0.2165504453,-3.2757741394,9.21236701,760
103758,184978,226575,0.2165504453,-3.2757741394,9.21236701,761
103916,185077,226676,0.2165504453,-3.2757741394,9.21236701,762
104092,185063,226668,0.2165504453,-3.2757741394,9.21236701,763
104271,185064,226661,0.2165504453,-3.2757741394,9.21236701,764
104440,185118,226671,0.2165504453,-3.2757741394,9.21236701,765
104595,185101,226691,0.2165504453,-3.2757741394,9.21236701,766
104736,185157,226727,0.2165504453,-3.2757741394,9.21236701,767
104574,185067,226674,0.2165504453,-3.2757741394,9.21236701,768
103591,184927,226596,0.2165504453,-3.2757741394,9.21236701,769
102644,184807,226524,0.2165504453,-3.2757741394,9.21236701,770
102360,184765,226478,0.2165504453,-3.2757741394,9.21236701,771
102403,184810,226503,0.2165504453,-3.2757741394,9.21236701,772
102535,184837,226538,0.2165504453,-3.2757741394,9.21236701,773
102726,184852,226560,0.2165504453,-3.2757741394,9.21236701,774
103050,184917,226584,0.2165504453,-3.2757741394,9.21236701,775
103339,184955,226546,0.2165504453,-3.2757741394,9.21236701,776
103502,184999,226605,0.2165504453,-3.2757741394,9.21236701,777
103572,184965,226619,0.2165504453,-3.2757741394,9.21236701,778
103681,184994,226578,0.2165504453,-3.2757741394,9.21236701,779
103838,185007,226662,0.2165504453,-3.2757741394,9.21236701,780
104004,185079,226627,0.2165504453,-3.2757741394,9.21236701,781
104218,185110,226672,0.2165504453,-3.2757741394,9.21236701,782
104403,185111,226732,0.2165504453,-3.2757741394,9.21236701,783
104606,185158,226705,0.2165504453,-3.2757741394,9.21236701,784
104823,185196,226714,0.2165504453,-3.2757741394,9.21236701,785
104969,185210,226755,0.2165504453,-3.2757741394,9.21236701,786
104998,185177,226748,0.2165504453,-3.2757741394,9.21236701,787
104355,185037,226606,0.2165504453,-3.2757741394,9.21236701,788
103358,184884,226493,0.2165504453,-3.2757741394,9.21236701,789
102914,184846,226457,0.2165504453,-3.2757741394,9.21236701,790
102939,184889,226515,0.2165504453,-3.2757741394,9.21236701,791
103992,185009,226580,0.346959277,-3.3475588174,9.1202433399,792
104109,185014,226604,0.346959277,-3.3475588174,9.1202433399,793
104123,184999,226627,0.346959277,-3.3475588174,9.1202433399,794
104144,185001,226561,0.346959277,-3.3475588174,9.1202433399,795
104237,185037,226573,0.346959277,-3.3475588174,9.1202433399,796
104375,185045,226563,0.346959277,-3.3475588174,9.1202433399,797
104533,185083,226605,0.346959277,-3.3475588174,9.1202433399,798
104707,185109,226620,0.346959277,-3.3475588174,9.1202433399,799
104906,185123,226638,0.346959277,-3.3475588174,9.1202433399,800
105087,185139,226651,0.346959277,-3.3475588174,9.1202433399,801
105119,185116,226641,0.346959277,-3.3475588174,9.1202433399,802
104479,184969,226573,0.346959277,-3.3475588174,9.1202433399,803
103420,184830,226456,0.346959277,-3.3475588174,9.1202433399,804
102909,184777,226362,0.1004985492,-3.3236305914,9.2434737038,805
102946,184824,226454,0.1004985492,-3.3236305914,9.2434737038,806
103193,184865,226488,0.1004985492,-3.3236305914,9.2434737038,807
103509,184903,226504,0.1004985492,-3.3236305914,9.2434737038,808
103854,184980,226552,0.1004985492,-3.3236305914,9.2434737038,809
104062,185025,226594,0.1004985492,-3.3236305914,9.2434737038,810
104098,185003,226588,0.1004985492,-3.3236305914,9.2434737038,811
104100,185006,226615,0.1004985492,-3.3236305914,9.2434737038,812
104159,185028,226563,0.1004985492,-3.3236305914,9.2434737038,813
104299,185033,226581,0.1004985492,-3.3236305914,9.2434737038,814
104479,185068,226632,0.1004985492,-3.3236305914,9.2434737038,815
104658,185114,226597,0.1004985492,-3.3236305914,9.2434737038,816
104817,185123,226648,0.1004985492,-3.3236305914,9.2434737038,817
104958,185140,226732,0.1004985492,-3.3236305914,9.2434737038,818
105108,185162,226662,0.1004985492,-3.3236305914,9.2434737038,819
104939,185116,226651,0.1004985492,-3.3236305914,9.2434737038,820
104007,184923,226570,0.1004985492,-3.3236305914,9.2434737038,821
103048,184840,226503,0.1004985492,-3.3236305914,9.2434737038,822
102755,184807,226425,0.1004985492,-3.3236305914,9.2434737038,823
102763,184814,226499,0.1004985492,-3.3236305914,9.2434737038,824
102861,184833,226473,0.1004985492,-3.3236305914,9.2434737038,825
103001,184871,226483,0.1004985492,-3.3236305914,9.2434737038,826
103227,184902,226488,0.1004985492,-3.3236305914,9.2434737038,827
103495,184981,226545,0.1004985492,-3.3236305914,9.2434737038,828
103648,184980,226558,0.1004985492,-3.3236305914,9.2434737038,829
103687,184926,226570,0.1004985492,-3.3236305914,9.2434737038,830
103745,184973,226555,0.1004985492,-3.3236305914,9.2434737038,831
103862,185005,226573,0.1004985492,-3.3236305914,9.2434737038,832
104067,185030,226627,0.1004985492,-3.3236305914,9.2434737038,833
104250,185050,226639,0.1004985492,-3.3236305914,9.2434737038,834
104426,185070,226601,0.1004985492,-3.3236305914,9.2434737038,835
104605,185089,226631,0.1004985492,-3.3236305914,9.2434737038,836
104765,185145,226672,0.1004985492,-3.3236305914,9.2434737038,837
104878,185128,226731,0.1004985492,-3.3236305914,9.2434737038,838
104357,185030,226637,0.1004985492,-3.3236305914,9.2434737038,839
103269,184876,226523,0.1004985492,-3.3236305914,9.2434737038,840
102643,184776,226501,0.1004985492,-3.3236305914,9.2434737038,841
102534,184847,226440,0.1004985492,-3.3236305914,9.2434737038,842
102607,184791,226452,0.1004985492,-3.3236305914,9.2434737038,843
102740,184873,226516,0.1004985492,-3.3236305914,9.2434737038,844
102952,184925,226528,0.1004985492,-3.3236305914,9.2434737038,845
103241,184963,226558,0.1004985492,-3.3236305914,9.2434737038,846
103762,185054,226665,0.24646072779999997,-3.2195428083000004,9.2027957196,847
103922,185092,226631,0.24646072779999997,-3.2195428083000004,9.2027957196,848
104121,185107,226593,0.24646072779999997,-3.2195428083000004,9.2027957196,849
104325,185129,226636,0.24646072779999997,-3.2195428083000004,9.2027957196,850
104490,185147,226700,0.24646072779999997,-3.2195428083000004,9.2027957196,851
104684,185171,226641,0.24646072779999997,-3.2195428083000004,9.2027957196,852
104871,185189,226713,0.24646072779999997,-3.2195428083000004,9.2027957196,853
105062,185214,226722,0.24646072779999997,-3.2195428083000004,9.2027957196,854
105070,185198,226692,0.24646072779999997,-3.2195428083000004,9.2027957196,855
104321,185050,226659,0.24646072779999997,-3.2195428083000004,9.2027957196,856
103382,184896,226549,0.24646072779999997,-3.2195428083000004,9.2027957196,857
103025,184887,226480,0.24646072779999997,-3.2195428083000004,9.2027957196,858
103076,184893,226530,0.24646072779999997,-3.2195428083000004,9.2027957196,859
103242,184910,226544,0.24646072779999997,-3.2195428083000004,9.2027957196,860
103485,184960,226610,0.24646072779999997,-3.2195428083000004,9.2027957196,861
103783,185000,226595,0.24646072779999997,-3.2195428083000004,9.2027957196,862
104016,185061,226641,0.24646072779999997,-3.2195428083000004,9.2027957196,863
104095,185048,226619,0.24646072779999997,-3.2195428083000004,9.2027957196,864
104090,184997,226622,0.24646072779999997,-3.2195428083000004,9.2027957196,865
104136,185050,226564,0.24646072779999997,-3.2195428083000004,9.2027957196,866
104234,185085,226629,0.24646072779999997,-3.2195428083000004,9.2027957196,867
104391,185092,226606,0.24646072779999997,-3.2195428083000004,9.2027957196,868
104575,185099,226669,0.24646072779999997,-3.2195428083000004,9.2027957196,869
104725,185126,226636,0.24646072779999997,-3.2195428083000004,9.2027957196,870
104900,185186,226678,0.24646072779999997,-3.2195428083000004,9.2027957196,871
105046,185137,226714,0.24646072779999997,-3.2195428083000004,9.2027957196,872
105028,185145,226668,0.10169496049999999,-3.3523444626,9.1070828156,873
104337,185025,226544,0.1387837108,-3.2386853891,9.037690960199999,874
103287,184828,226483,0.2500499617,-3.4540394231000002,9.0281196698,875
102935,184704,226437,0.19980068709999999,-3.4947174072999996,9.1501536224,876
103041,184772,226462,0.2117648001,-3.2650064377,9.2051885422,877
103314,184863,226553,0.18185451760000002,-3.2578279699,9.3631148338,878
103623,184966,226560,0.0897308475,-3.2123643404999997,9.260223461999999,879
103967,184989,226575,0.24646072779999997,-3.2985059541,9.21236701,880
104160,184979,226589,0.2321037922,-3.3296126479000003,9.2590270507,881
104215,185017,226667,0.2321037922,-3.3296126479000003,9.2590270507,882
104209,185009,226603,0.2321037922,-3.3296126479000003,9.2590270507,883
104273,185029,226624,0.2321037922,-3.3296126479000003,9.2590270507,884
104425,185054,226653,0.19860427579999998,-3.3128628897,9.1692962032,885
104603,185095,226679,0.1411765334,-3.314059301,9.162117735399999,886
104785,185094,226704,0.1459621786,-3.3343982931,9.1716890258,887
104951,185045,226701,0.33858439789999994,-3.2745777280999997,9.176474671,888
105123,185107,226726,0.1495514125,-3.2937203089,9.1453679772,889
105261,185103,226750,0.2775674216,-3.3595229304,9.1022971704,890
105198,185102,226727,0.19381863059999999,-3.3224341800999997,9.162117735399999,891
104466,185013,226623,0.2081755662,-3.2398818003999996,9.176474671,892
103477,184874,226581,0.2907279459,-3.3870403903,9.3523471321,893
103080,184806,226544,0.131605243,-3.2829526072,9.4002035841,894
103099,184911,226561,0.2213360905,-3.4815568829999997,9.2949193897,895
103222,184902,226587,0.21415762270000002,-3.4145578502,9.219545477799999,896
103389,184915,226619,0.21415762270000002,-3.3475588174,9.1142612834,897
103626,184945,226609,0.3050848815,-3.3475588174,9.0711904766,898
103919,185021,226656,0.3529413335,-3.3559336964999997,9.220741889100001,899
104047,185028,226677,0.2919243572,-3.2530423247,9.247062937699999,900
104082,185007,226655,0.2907279459,-3.266202849,9.1968136631,901
104091,184921,226675,0.18783657410000001,-3.409772205,9.219545477799999,902
104220,185028,226689,0.1004985492,-3.3427731722,9.1932244292,903
104316,185080,226743,0.1411765334,-3.3403803495999997,9.2853480993,904
104582,185079,226723,0.1591227029,-3.385843979,9.2255275343,905
104745,185132,226722,0.1698904046,-3.3092736558,9.3032942688,906
104901,185134,226769,0.1292124204,-3.3116664784,9.3631148338,907
105047,185132,226748,0.39122649509999996,-3.3044880106,9.1896351953,908
105107,185152,226790,0.191425808,-3.2638100264,9.1322074529,909
104397,185007,226690,0.1698904046,-3.3332018818,9.0855474122,910
103432,184917,226619,0.1710868159,-3.1764720014999996,9.2578306394,911
102913,184823,226581,0.2859423007,-3.4037901484999997,9.3236332609,912
102874,184847,226615,0.1531406464,-3.2997023654,9.3116691479,913
102962,184835,226606,0.1651047594,-3.3164521235999995,9.3020978575,914
103184,184910,226648,0.1292124204,-3.3571301077999998,9.188438784,915
103420,184946,226658,0.0765703232,-3.4025937372,9.3248296722,916
103724,185001,226675,0.21415762270000002,-3.23031051,9.1932244292,917
103985,185009,226711,0.107677017,-3.337987527,9.2674019298,918
104095,184958,226749,0.1639083481,-3.1214370817,9.274580397600001,919
104132,185035,226709,0.2344966148,-3.2291140987,9.2458665264,920
104240,185031,226733,0.2261217357,-3.3942188581,9.2410808812,921
104405,185105,226749,0.1746760498,-3.3463624061,9.2590270507,922
104599,185138,226814,0.09690931529999999,-3.1453653077,9.2829552767,923
104759,185159,226864,0.17228322719999997,-3.2590243811999997,9.2315095908,924
104965,185152,226794,0.227318147,-3.3403803495999997,9.2099741874,925
105155,185187,226811,0.2225325018,-3.242274623,9.1334038642,926
105282,185221,226809,0.1698904046,-3.182454058,9.2027957196,927
104924,185033,226775,0.20338992099999997,-3.2494530908,9.165706969299999,928
103989,184917,226666,0.2261217357,-3.326023414,9.1334038642,929
103420,184937,226645,0.19860427579999998,-3.2829526072,9.229116768199999,930
103393,184926,226666,0.1423729447,-3.2805597846,9.2769732202,931
103510,184950,226669,0.2177468566,-3.2542387359999996,9.2638126959,932
103743,184951,226690,0.2691925425,-3.326023414,9.2662055185,933
104009,185044,226738,0.1579262916,-3.2961131315000003,9.175278259699999,934
104250,185068,226739,0.2847458894,-3.3559336964999997,9.104689993,935
104482,185098,226745,0.15672988029999999,-3.3714870434,9.1812603162,936
104497,185101,226739,0.2009970984,-3.278166962,9.2015993083,937
104551,185113,226703,0.2225325018,-3.4002009146,9.128618219,938
104548,185077,226748,0.33738798659999997,-3.3463624061,9.152546445,939
104632,185013,226767,0.1399801221,-3.3032915993,9.3164547931,940
104708,185094,226777,0.40558343069999997,-3.2997023654,9.1860459614,941
104778,185099,226777,0.23688943739999999,-3.385843979,9.068797654,942
104822,185104,226690,0.3732803256,-3.4815568829999997,8.949156524,943
104807,185082,226761,0.28953153460000003,-3.4791640604,8.9192462415,944
104293,184986,226709,0.287138712,-3.5078779316,9.020941202,945
103507,184852,226648,0.1902293967,-3.3810583338,9.1944208405,946
103187,184895,226639,0.12681959780000002,-3.4289147858,9.3415794304,947
103277,184943,226667,0.1387837108,-3.2973095428,9.3248296722,948
103501,184924,226691,0.24885355039999998,-3.4002009146,9.3236332609,949
103756,185020,226708,0.2201396792,-3.314059301,9.0616191862,950
104039,185069,226790,0.2584248408,-3.3714870434,9.2015993083,951
104301,185097,226764,0.36969109170000003,-3.2626136151000003,9.247062937699999,952
104409,185136,226758,0.1495514125,-3.4408788988000003,9.2099741874,953
104453,185112,226790,0.2560320182,-3.3894332128999998,9.2434737038,954
104548,185163,226828,0.20458633229999998,-3.4384860762,9.1956172518,955
104604,185187,226856,0.20338992099999997,-3.4121650276000004,9.116654106,956
104875,185233,226859,0.24646072779999997,-3.314059301,9.1573320902,957
105033,185272,226835,0.19980068709999999,-3.3834511564,9.2231347117,958
105230,185284,226858,0.19980068709999999,-3.3834511564,9.2231347117,959
105398,185285,226857,0.19980068709999999,-3.3834511564,9.2231347117,960
105313,185248,226889,0.19980068709999999,-3.3834511564,9.2231347117,961
104517,185106,226755,0.19980068709999999,-3.3834511564,9.2231347117,962
103710,185041,226715,0.19980068709999999,-3.3834511564,9.2231347117,963
103379,184999,226741,0.19980068709999999,-3.3834511564,9.2231347117,964
103368,185004,226772,0.19980068709999999,-3.3834511564,9.2231347117,965
103429,185027,226746,0.19980068709999999,-3.3834511564,9.2231347117,966
103565,185064,226746,0.19980068709999999,-3.3834511564,9.2231347117,967
103807,185104,226770,0.19980068709999999,-3.3834511564,9.2231347117,968
104030,185112,226790,0.131605243,-3.3296126479000003,9.2829552767,969
104181,185152,226809,0.2201396792,-3.2434710343,9.2051885422,970
104248,185169,226855,0.155533469,-3.3427731722,9.224331123,971
104282,185142,226830,0.1806581063,-3.2757741394,9.176474671,972
104396,185126,226767,0.1591227029,-3.4277183745,9.121439751199999,973
104561,185208,226807,0.24765713909999998,-3.2913274863,9.1357966868,974
104720,185178,226833,0.16749758199999998,-3.266202849,9.229116768199999,975
104884,185242,226887,0.2105683888,-3.5006994637999997,9.1118684608,976
105066,185165,226853,0.2931207685,-3.4648071248,9.131011041599999,977
104947,185203,226864,0.27517459899999996,-3.2099715178999997,9.121439751199999,978
104146,185108,226751,0.20338992099999997,-3.4253255519,9.2171526552,979
103350,185041,226733,0.0646062102,-3.2374889778,9.2554378168,980
103058,185021,226691,0.1639083481,-3.3631121643,9.2051885422,981
103017,185011,226680,0.2261217357,-3.361915753,9.1992064857,982
103094,185040,226637,0.2787638329,-3.3068808331999997,9.2171526552,983
103229,185065,226723,0.251246373,-3.2410782117,9.131011041599999,984
103480,185160,226732,0.1698904046,-3.3451659948,9.1334038642,985
103728,185178,226767,0.24765713909999998,-3.3008987767,9.2099741874,986
103860,185195,226805,0.2596212521,-3.3798619225,9.2853480993,987
103936,185149,226797,0.1304088317,-3.4277183745,9.2374916473,988
103972,185204,226769,0.1902293967,-3.2255248647999997,9.2626162846,989
104087,185199,226783,0.2105683888,-3.242274623,9.2614198733,990
104255,185251,226814,0.17228322719999997,-3.3320054705,9.207581364800001,991
104433,185291,226817,0.23688943739999999,-3.1740791789,9.200402897,992
104535,185255,226797,0.1399801221,-3.3343982931,9.2231347117,993
104777,185279,226836,0.1890329854,-3.2195428083000004,9.2949193897,994
104861,185300,226813,-0.0047856452,-3.2147571631,9.233902413400001,995
104386,185211,226708,0.2117648001,-3.3212377687999997,9.2315095908,996
103434,185141,226665,0.16869399329999998,-3.3427731722,9.1669033806,997
102896,185132,226601,0.12442677519999999,-3.2757741394,9.1812603162,998
102818,185085,226609,0.2452643165,-3.2338997439000003,9.1860459614,999
102877,185025,226607,0.2883351233,-3.2434710343,9.1417787433,1000
102962,185101,226578,0.0945164927,-3.2350961552,9.1800639049,1001
103167,185172,226615,0.1507478238,-3.2817561959000003,9.0831545896,1002
103390,185180,226628,0.1507478238,-3.2817561959000003,9.0831545896,1003
103528,185187,226638,0.1507478238,-3.2817561959000003,9.0831545896,1004
103539,185176,226629,0.1507478238,-3.2817561959000003,9.0831545896,1005
103547,185181,226634,0.1507478238,-3.2817561959000003,9.0831545896,1006
103592,185222,226618,0.1507478238,-3.2817561959000003,9.0831545896,1007
103703,185214,226596,0.1507478238,-3.2817561959000003,9.0831545896,1008
103819,185250,226603,0.1507478238,-3.2817561959000003,9.0831545896,1009
103949,185259,226612,0.1507478238,-3.2817561959000003,9.0831545896,1010
104110,185272,226615,0.1507478238,-3.2817561959000003,9.0831545896,1011
104233,185283,226612,0.1507478238,-3.2817561959000003,9.0831545896,1012
104100,185244,226624,0.2297109696,-3.3080772444999997,9.152546445,1013
103479,185209,226481,0.1507478238,-3.4025937372,9.1238325738,1014
102928,185167,226446,0.21296121140000002,-3.3212377687999997,9.2147598326,1015
102763,185174,226438,0.1459621786,-3.3355947043999996,9.200402897,1016
102822,185165,226465,0.22492532440000002,-3.1980074049,9.2410808812,1017
102962,185140,226456,0.3565305674,-3.3499516399999996,9.1501536224,1018
103138,185136,226453,0.2548356069,-3.4145578502,8.985048863000001,1019
103246,185136,226405,0.2656033086,-3.457628657,9.037690960199999,1020
103383,185146,226467,0.3182454058,-3.3990045032999996,9.0053878551,1021
103444,185199,226486,0.2321037922,-3.3248270027,9.2087777761,1022
103499,185277,226535,0.19980068709999999,-3.4109686163,9.2578306394,1023
103635,185261,226526,0.32303105099999996,-3.4851461168999998,9.2626162846,1024
103861,185321,226521,0.10289137179999999,-3.3607193417,9.1812603162,1025
104005,185294,226544,0.2907279459,-3.3104700671000002,9.233902413400001,1026
104197,185367,226611,0.1519442351,-3.3762726886,9.162117735399999,1027
104368,185393,226605,0.25363919560000003,-3.4552358344000003,9.2087777761,1028
104517,185396,226614,0.1603191142,-3.433700431,9.1238325738,1029
104265,185358,226557,0.2548356069,-3.5377882141000003,9.1118684608,1030
103488,185238,226473,0.13758729949999998,-3.3212377687999997,9.1932244292,1031
103002,185165,226498,0.2081755662,-3.2626136151000003,9.2685983411,1032
102906,185246,226492,0.3062812928,-3.2470602682000003,9.272187575,1033
102969,185253,226485,0.191425808,-3.314059301,9.2099741874,1034
103103,185257,226493,0.1698904046,-3.337987527,9.2051885422,1035
103299,185258,226505,0.1698904046,-3.337987527,9.2051885422,1036
103494,185312,226509,0.1698904046,-3.337987527,9.2051885422,1037
103656,185282,226540,0.1698904046,-3.337987527,9.2051885422,1038
103631,185344,226493,0.17228322719999997,-3.3427731722,9.1776710823,1039
103776,185282,226595,0.1411765334,-3.3128628897,9.21236701,1040
103865,185348,226494,0.16271193679999998,-3.3224341800999997,9.2039921309,1041
104018,185398,226549,0.24885355039999998,-3.2805597846,9.2219383004,1042
104137,185382,226571,0.1866401628,-3.4348968423,9.1896351953,1043
104329,185343,226562,0.1746760498,-3.2231320422,9.219545477799999,1044
104485,185418,226600,0.1459621786,-3.409772205,9.1812603162,1045
104655,185475,226565,0.24885355039999998,-3.2673992603000004,9.1573320902,1046
104781,185468,226566,0.2500499617,-3.2566315586,9.152546445,1047
104461,185374,226578,0.24167508259999998,-3.2865418411,9.247062937699999,1048
103649,185200,226508,0.1950150419,-3.2446674455999998,9.2853480993,1049
103143,185189,226442,0.29551359110000003,-3.2554351473,9.224331123,1050
103034,185237,226454,0.1579262916,-3.2961131315000003,9.21236701,1051
103159,185302,226464,0.24047867129999997,-3.4061829711000002,9.0843510009,1052
103231,185300,226460,0.215354034,-3.2961131315000003,9.206384953499999,1053
103417,185325,226493,0.0849452023,-3.3439695835000003,9.224331123,1054
103649,185288,226495,0.0705882667,-3.2769705507,9.2015993083,1055
103813,185378,226537,0.2572284295,-3.3020951879999996,9.1812603162,1056
103891,185340,226521,0.2237289131,-3.3810583338,9.2386880586,1057
103952,185412,226443,0.179461695,-3.3068808331999997,9.1740818484,1058
104061,185395,226492,0.2847458894,-3.3882368016,9.188438784,1059
104170,185376,226472,0.1651047594,-3.4360932536,9.1860459614,1060
104323,185340,226525,0.1411765334,-3.2913274863,9.224331123,1061
104503,185446,226553,0.2297109696,-3.3116664784,9.1908316066,1062
104666,185499,226547,0.1591227029,-3.218346397,9.1860459614,1063
104828,185465,226576,0.1387837108,-3.2721849055,9.1597249128,1064
104989,185538,226554,0.2225325018,-3.326023414,9.1357966868,1065
105118,185515,226557,0.2165504453,-3.3164521235999995,9.1334038642,1066
104859,185442,226494,0.1507478238,-3.361915753,9.152546445,1067
104131,185358,226482,0.24167508259999998,-3.1716863562999995,9.1932244292,1068
103578,185322,226438,0.1579262916,-3.1884361145,9.327222494799999,1069
103475,185279,226424,0.2237289131,-3.2410782117,9.2087777761,1070
103554,185333,226455,0.1710868159,-3.4169506728,9.233902413400001,1071
103715,185316,226490,0.1543370577,-3.3451659948,9.2099741874,1072
103943,185403,226448,0.1746760498,-3.3475588174,9.2685983411,1073
104177,185442,226511,0.1639083481,-3.2338997439000003,9.21236701,1074
104356,185454,226535,0.1842473402,-3.2530423247,9.3296153174,1075
104418,185415,226480,0.1483550012,-3.2279176874,9.3164547931,1076
104478,185468,226540,0.19381863059999999,-3.3284162366,9.219545477799999,1077
104575,185485,226491,0.0921236701,-3.2853454298,9.229116768199999,1078
104667,185519,226542,0.24885355039999998,-3.314059301,9.2805624541,1079
104803,185501,226531,0.17228322719999997,-3.3535408739,9.236295236,1080
104968,185494,226554,0.2069791549,-3.2171499857,9.164510558,1081
105114,185510,226554,0.1363908882,-3.2362925665,9.162117735399999,1082
105264,185521,226535,0.2763710103,-3.2386853891,9.152546445,1083
105374,185542,226523,0.1746760498,-3.2865418411,9.272187575,1084
105557,185602,226510,0.2237289131,-3.2374889778,9.1980100744,1085
105724,185599,226565,0.1304088317,-3.2243284535,9.1357966868,1086
105539,185509,226480,0.1603191142,-3.3020951879999996,9.140582332,1087
104953,185318,226407,0.2452643165,-3.3164521235999995,9.2147598326,1088
104484,185350,226435,0.1591227029,-3.2733813167999997,9.2781696315,1089
104321,185402,226414,0.20338992099999997,-3.23031051,9.1381895094,1090
104426,185464,226433,0.1866401628,-3.3930224468000003,9.1956172518,1091
104611,185437,226420,0.1339980656,-3.3044880106,9.178867493599999,1092
104789,185462,226439,0.10648060570000001,-3.2004002275,9.1860459614,1093
104991,185388,226470,0.2237289131,-3.2195428083000004,9.178867493599999,1094
105120,185440,226466,0.2656033086,-3.326023414,9.2219383004,1095
105161,185519,226430,0.2165504453,-3.3236305914,9.1501536224,1096
105169,185454,226414,0.1950150419,-3.1836504693,9.2111705987,1097
105192,185503,226434,0.12681959780000002,-3.3571301077999998,9.2829552767,1098
105248,185474,226456,0.1866401628,-3.2805597846,9.3164547931,1099
105265,185475,226429,0.23688943739999999,-3.4049865597999998,9.1932244292,1100
105292,185463,226370,0.2919243572,-3.3690942208,9.0149591455,1101
105347,185501,226387,0.2727817764,-3.3882368016,8.9898345082,1102
105427,185477,226395,0.35174492220000003,-3.3068808331999997,9.165706969299999,1103
105441,185530,226440,0.2105683888,-3.3966116807,9.1968136631,1104
105539,185431,226476,0.2309073809,-3.2566315586,9.2817588654,1105
105032,185428,226410,0.2524427843,-3.2949167202,9.286544510599999,1106
104401,185375,226354,0.2452643165,-3.2805597846,9.3284189061,1107
104058,185391,226341,0.20338992099999997,-3.3415767608999998,9.1441715659,1108
104050,185370,226403,0.1220339526,-3.2985059541,9.242277292499999,1109
104172,185402,226393,0.1962114532,-3.4181470840999997,9.1357966868,1110
104364,185418,226376,0.2620140747,-3.5018958750999998,9.1262253964,1111
104560,185472,226437,0.1890329854,-3.3571301077999998,9.2350988247,1112
104716,185462,226389,0.1890329854,-3.3571301077999998,9.2350988247,1113
104725,185486,226396,0.1890329854,-3.3571301077999998,9.2350988247,1114
104731,185484,226429,0.1890329854,-3.3571301077999998,9.2350988247,1115
104754,185459,226460,0.1890329854,-3.3571301077999998,9.2350988247,1116
104836,185498,226466,0.1890329854,-3.3571301077999998,9.2350988247,1117
104977,185484,226408,0.1890329854,-3.3571301077999998,9.2350988247,1118
105122,185469,226485,0.1890329854,-3.3571301077999998,9.2350988247,1119
105280,185530,226496,0.1890329854,-3.3571301077999998,9.2350988247,1120
105447,185552,226496,0.1890329854,-3.3571301077999998,9.2350988247,1121
105560,185517,226480,0.1890329854,-3.3571301077999998,9.2350988247,1122
105678,185569,226505,0.1890329854,-3.3571301077999998,9.2350988247,1123
105486,185520,226463,0.1890329854,-3.3571301077999998,9.2350988247,1124
104688,185428,226391,0.1890329854,-3.3571301077999998,9.2350988247,1125
103910,185348,226317,0.1890329854,-3.3571301077999998,9.2350988247,1126
103586,185314,226332,0.1890329854,-3.3571301077999998,9.2350988247,1127
103563,185292,226348,0.1890329854,-3.3571301077999998,9.2350988247,1128
103634,185332,226386,0.1890329854,-3.3571301077999998,9.2350988247,1129
103780,185356,226432,0.1890329854,-3.3571301077999998,9.2350988247,1130
103966,185369,226378,0.1890329854,-3.3571301077999998,9.2350988247,1131
104142,185352,226474,0.1890329854,-3.3571301077999998,9.2350988247,1132
104239,185386,226443,0.1890329854,-3.3571301077999998,9.2350988247,1133
104245,185381,226435,0.1890329854,-3.3571301077999998,9.2350988247,1134
104302,185384,226409,0.12442677519999999,-3.2099715178999997,9.2171526552,1135
104380,185411,226420,0.12442677519999999,-3.2099715178999997,9.2171526552,1136
104550,185432,226430,0.12442677519999999,-3.2099715178999997,9.2171526552,1137
104713,185456,226484,0.12442677519999999,-3.2099715178999997,9.2171526552,1138
104879,185481,226469,0.12442677519999999,-3.2099715178999997,9.2171526552,1139
105065,185462,226484,0.12442677519999999,-3.2099715178999997,9.2171526552,1140
105216,185493,226554,0.12442677519999999,-3.2099715178999997,9.2171526552,1141
105344,185481,226529,0.12442677519999999,-3.2099715178999997,9.2171526552,1142
105419,185505,226543,0.12442677519999999,-3.2099715178999997,9.2171526552,1143
104949,185406,226470,0.12442677519999999,-3.2099715178999997,9.2171526552,1144
104046,185277,226391,0.12442677519999999,-3.2099715178999997,9.2171526552,1145
103529,185241,226370,0.12442677519999999,-3.2099715178999997,9.2171526552,1146
103440,185249,226365,0.12442677519999999,-3.2099715178999997,9.2171526552,1147
103547,185267,226396,0.12442677519999999,-3.2099715178999997,9.2171526552,1148
103677,185289,226422,0.12442677519999999,-3.2099715178999997,9.2171526552,1149
103894,185331,226460,0.12442677519999999,-3.2099715178999997,9.2171526552,1150
104153,185383,226480,0.12442677519999999,-3.2099715178999997,9.2171526552,1151
104341,185392,226493,0.12442677519999999,-3.2099715178999997,9.2171526552,1152
104449,185374,226475,0.12442677519999999,-3.2099715178999997,9.2171526552,1153
104496,185408,226560,0.12442677519999999,-3.2099715178999997,9.2171526552,1154
104584,185403,226554,0.12442677519999999,-3.2099715178999997,9.2171526552,1155
104730,185438,226529,0.12442677519999999,-3.2099715178999997,9.2171526552,1156
104886,185435,226577,0.12442677519999999,-3.2099715178999997,9.2171526552,1157
105056,185456,226582,0.12442677519999999,-3.2099715178999997,9.2171526552,1158
105240,185505,226607,0.12442677519999999,-3.2099715178999997,9.2171526552,1159
105391,185525,226615,0.12442677519999999,-3.2099715178999997,9.2171526552,1160
105569,185558,226661,0.2691925425,-3.3667013982,9.3044906801,1161
105721,185571,226589,0.2691925425,-3.3667013982,9.3044906801,1162
105778,185522,226671,0.2691925425,-3.3667013982,9.3044906801,1163
105339,185449,226579,0.2691925425,-3.3667013982,9.3044906801,1164
104535,185364,226489,0.2691925425,-3.3667013982,9.3044906801,1165
104120,185312,226488,0.2691925425,-3.3667013982,9.3044906801,1166
104117,185288,226526,0.2691925425,-3.3667013982,9.3044906801,1167
104289,185341,226496,0.2691925425,-3.3667013982,9.3044906801,1168
104499,185355,226536,0.2691925425,-3.3667013982,9.3044906801,1169
104752,185383,226567,0.2691925425,-3.3667013982,9.3044906801,1170
104953,185439,226557,0.2691925425,-3.3667013982,9.3044906801,1171
105047,185429,226556,0.2691925425,-3.3667013982,9.3044906801,1172
105074,185404,226562,0.2691925425,-3.3667013982,9.3044906801,1173
105112,185414,226584,0.2691925425,-3.3667013982,9.3044906801,1174
105175,185408,226579,0.2691925425,-3.3667013982,9.3044906801,1175
105290,185425,226563,0.2691925425,-3.3667013982,9.3044906801,1176
105447,185431,226611,0.2691925425,-3.3667013982,9.3044906801,1177
105605,185461,226621,0.2691925425,-3.3667013982,9.3044906801,1178
105738,185496,226648,0.2691925425,-3.3667013982,9.3044906801,1179
105883,185528,226613,0.20338992099999997,-3.2673992603000004,9.2350988247,1180
105942,185481,226610,0.2201396792,-3.3463624061,9.1262253964,1181
105779,185443,226606,0.1399801221,-3.3667013982,9.0879402348,1182
104963,185290,226471,0.19980068709999999,-3.4396824875,8.975477572600001,1183
104280,185183,226423,0.16151552549999998,-3.4432717214,9.1022971704,1184
104129,185301,226490,0.11844471869999999,-3.4540394231000002,9.2614198733,1185
104271,185269,226549,0.2225325018,-3.2745777280999997,9.3104727366,1186
104531,185320,226577,0.2560320182,-3.1692935337,9.286544510599999,1187
104792,185284,226608,0.2763710103,-3.3284162366,9.152546445,1188
105043,185385,226629,0.179461695,-3.3714870434,9.2590270507,1189
105149,185407,226625,0.2608176634,-3.3128628897,9.1704926145,1190
105155,185346,226599,0.2727817764,-3.2195428083000004,9.1669033806,1191
105181,185429,226645,0.3146561719,-3.4528430117999998,9.1980100744,1192
105251,185391,226661,0.24765713909999998,-3.3762726886,9.1393859207,1193
105406,185427,226662,0.22492532440000002,-3.3762726886,9.1381895094,1194
105467,185424,226697,0.19381863059999999,-3.397808092,9.232706002099999,1195
105699,185425,226721,0.12323036389999999,-3.3343982931,9.1908316066,1196
105847,185512,226688,0.19381863059999999,-3.2769705507,9.2913301558,1197
105984,185470,226707,0.1411765334,-3.2374889778,9.188438784,1198
106084,185492,226798,0.21296121140000002,-3.4313076084,9.1226361625,1199
106104,185491,226717,0.1531406464,-3.3451659948,9.1262253964,1200
105479,185402,226650,0.1531406464,-3.3451659948,9.1262253964,1201
104605,185255,226648,0.1531406464,-3.3451659948,9.1262253964,1202
104169,185220,226609,0.1531406464,-3.3451659948,9.1262253964,1203
104084,185227,226558,0.1531406464,-3.3451659948,9.1262253964,1204
104128,185219,226561,0.17228322719999997,-3.4743784152000003,9.104689993,1205
104239,185245,226604,0.2177468566,-3.326023414,9.2099741874,1206
104435,185315,226603,0.16749758199999998,-3.3451659948,9.164510558,1207
104631,185313,226648,0.32901310749999996,-3.4253255519,9.1920280179,1208
104765,185189,226616,0.1950150419,-3.2817561959000003,9.2099741874,1209
104817,185279,226653,0.19860427579999998,-3.2973095428,9.2099741874,1210
104830,185299,226726,0.1962114532,-3.3032915993,9.2231347117,1211
104899,185374,226715,0.2572284295,-3.3523444626,9.1992064857,1212
105072,185388,226717,0.215354034,-3.4002009146,9.116654106,1213
105228,185387,226718,0.1220339526,-3.3882368016,9.2171526552,1214
105378,185404,226770,0.20937197749999997,-3.4169506728,9.1872423727,1215
105519,185422,226723,0.0705882667,-3.2733813167999997,9.1908316066,1216
105713,185446,226723,0.2656033086,-3.4002009146,9.2159562439,1217
105854,185463,226770,0.2931207685,-3.3643085755999995,9.152546445,1218
105970,185477,226747,0.179461695,-3.2913274863,9.1130648721,1219
105514,185377,226730,0.2261217357,-3.3212377687999997,9.1692962032,1220
104591,185221,226705,0.155533469,-3.2219356309,9.3643112451,1221
103997,185142,226679,0.2715853651,-3.4133614389,9.1716890258,1222
103850,185130,226665,0.2715853651,-3.4133614389,9.1716890258,1223
103943,185149,226665,0.2715853651,-3.4133614389,9.1716890258,1224
104089,185198,226669,0.2715853651,-3.4133614389,9.1716890258,1225
104299,185243,226724,0.2715853651,-3.4133614389,9.1716890258,1226
104594,185272,226732,0.2715853651,-3.4133614389,9.1716890258,1227
104817,185294,226735,0.2715853651,-3.4133614389,9.1716890258,1228
104918,185309,226770,0.2715853651,-3.4133614389,9.1716890258,1229
104987,185325,226738,0.2715853651,-3.4133614389,9.1716890258,1230
105096,185321,226763,0.2715853651,-3.4133614389,9.1716890258,1231
105249,185350,226802,0.2715853651,-3.4133614389,9.1716890258,1232
105423,185371,226852,0.2715853651,-3.4133614389,9.1716890258,1233
105604,185421,226853,0.2715853651,-3.4133614389,9.1716890258,1234
105803,185457,226871,0.2715853651,-3.4133614389,9.1716890258,1235
105986,185464,226826,0.2715853651,-3.4133614389,9.1716890258,1236
106170,185448,226877,0.2715853651,-3.4133614389,9.1716890258,1237
106312,185471,226894,0.2715853651,-3.4133614389,9.1716890258,1238
106325,185459,226885,0.2715853651,-3.4133614389,9.1716890258,1239
105744,185349,226854,0.2715853651,-3.4133614389,9.1716890258,1240
104965,185232,226753,0.2715853651,-3.4133614389,9.1716890258,1241
104624,185210,226726,0.2715853651,-3.4133614389,9.1716890258,1242
104663,185195,226742,0.2715853651,-3.4133614389,9.1716890258,1243
104836,185244,226766,0.2715853651,-3.4133614389,9.1716890258,1244
105097,185246,226762,0.2715853651,-3.4133614389,9.1716890258,1245
105409,185323,226807,0.2715853651,-3.4133614389,9.1716890258,1246
105638,185336,226824,0.2715853651,-3.4133614389,9.1716890258,1247
105743,185376,226845,0.2715853651,-3.4133614389,9.1716890258,1248
105776,185309,226820,0.2715853651,-3.4133614389,9.1716890258,1249
105805,185327,226874,0.2715853651,-3.4133614389,9.1716890258,1250
105884,185324,226828,0.2715853651,-3.4133614389,9.1716890258,1251
105984,185370,226855,0.2715853651,-3.4133614389,9.1716890258,1252
106132,185394,226893,0.2715853651,-3.4133614389,9.1716890258,1253
106289,185409,226875,0.2715853651,-3.4133614389,9.1716890258,1254
106452,185411,226909,0.2715853651,-3.4133614389,9.1716890258,1255
106571,185420,226870,0.2715853651,-3.4133614389,9.1716890258,1256
106577,185379,226888,0.2715853651,-3.4133614389,9.1716890258,1257
106002,185294,226809,0.2715853651,-3.4133614389,9.1716890258,1258
105091,185159,226723,0.2715853651,-3.4133614389,9.1716890258,1259
104628,185100,226703,0.2715853651,-3.4133614389,9.1716890258,1260
104651,185132,226746,0.2715853651,-3.4133614389,9.1716890258,1261
104864,185169,226744,0.2715853651,-3.4133614389,9.1716890258,1262
105146,185229,226825,0.2715853651,-3.4133614389,9.1716890258,1263
106318,185331,226909,0.2524427843,-3.2709884942,9.1908316066,1264
105393,185185,226826,0.2524427843,-3.2709884942,9.1908316066,1265
104810,185103,226746,0.2524427843,-3.2709884942,9.1908316066,1266
104681,185091,226771,0.2524427843,-3.2709884942,9.1908316066,1267
104731,185100,226818,0.2524427843,-3.2709884942,9.1908316066,1268
104816,185123,226813,0.2524427843,-3.2709884942,9.1908316066,1269
105001,185144,226806,0.2524427843,-3.2709884942,9.1908316066,1270
105222,185221,226856,0.2524427843,-3.2709884942,9.1908316066,1271
105424,185257,226916,0.2524427843,-3.2709884942,9.1908316066,1272
105500,185235,226866,0.2524427843,-3.2709884942,9.1908316066,1273
105533,185231,226885,0.2524427843,-3.2709884942,9.1908316066,1274
105616,185243,226901,0.2524427843,-3.2709884942,9.1908316066,1275
105740,185283,226923,0.2524427843,-3.2709884942,9.1908316066,1276
105889,185289,226910,0.2524427843,-3.2709884942,9.1908316066,1277
106062,185342,226977,0.2524427843,-3.2709884942,9.1908316066,1278
106220,185379,226949,0.2524427843,-3.2709884942,9.1908316066,1279
106386,185384,226949,0.2524427843,-3.2709884942,9.1908316066,1280
106541,185374,226992,0.2524427843,-3.2709884942,9.1908316066,1281
106677,185389,226951,0.2524427843,-3.2709884942,9.1908316066,1282
106619,185357,226954,0.2524427843,-3.2709884942,9.1908316066,1283
105826,185234,226867,0.2524427843,-3.2709884942,9.1908316066,1284
104933,185114,226826,0.2524427843,-3.2709884942,9.1908316066,1285
104583,185073,226782,0.2524427843,-3.2709884942,9.1908316066,1286
104586,185083,226805,0.2524427843,-3.2709884942,9.1908316066,1287
104683,185107,226812,0.2524427843,-3.2709884942,9.1908316066,1288
104842,185131,226803,0.2524427843,-3.2709884942,9.1908316066,1289
105086,185208,226819,0.2524427843,-3.2709884942,9.1908316066,1290
105379,185228,226869,0.2524427843,-3.2709884942,9.1908316066,1291
105550,185253,226921,0.2524427843,-3.2709884942,9.1908316066,1292
105618,185252,226878,0.2524427843,-3.2709884942,9.1908316066,1293
105693,185287,226919,0.2524427843,-3.2709884942,9.1908316066,1294
105785,185324,226871,0.2524427843,-3.2709884942,9.1908316066,1295
105948,185300,226917,0.2524427843,-3.2709884942,9.1908316066,1296
106111,185339,226985,0.2524427843,-3.2709884942,9.1908316066,1297
106296,185369,226990,0.2524427843,-3.2709884942,9.1908316066,1298
106452,185419,227009,0.2524427843,-3.2709884942,9.1908316066,1299
106624,185413,227001,0.2524427843,-3.2709884942,9.1908316066,1300
106800,185456,227030,0.2524427843,-3.2709884942,9.1908316066,1301
106935,185461,227028,0.2524427843,-3.2709884942,9.1908316066,1302
107060,185451,226957,0.2524427843,-3.2709884942,9.1908316066,1303
107022,185447,226970,0.2524427843,-3.2709884942,9.1908316066,1304
106364,185307,226921,0.2524427843,-3.2709884942,9.1908316066,1305
105371,185156,226847,0.2584248408,-3.2386853891,9.200402897,1306
105589,185199,226850,0.2584248408,-3.2386853891,9.200402897,1307
105867,185227,226880,0.2584248408,-3.2386853891,9.200402897,1308
106067,185243,226827,0.2584248408,-3.2386853891,9.200402897,1309
106116,185288,226849,0.2584248408,-3.2386853891,9.200402897,1310
106100,185246,226837,0.2584248408,-3.2386853891,9.200402897,1311
106120,185271,226861,0.2584248408,-3.2386853891,9.200402897,1312
106190,185285,226829,0.2584248408,-3.2386853891,9.200402897,1313
106327,185281,226888,0.2584248408,-3.2386853891,9.200402897,1314
106465,185326,226884,0.2584248408,-3.2386853891,9.200402897,1315
106579,185345,226892,0.2584248408,-3.2386853891,9.200402897,1316
106585,185311,226890,0.2584248408,-3.2386853891,9.200402897,1317
106602,185313,226879,0.2584248408,-3.2386853891,9.200402897,1318
106633,185341,226930,0.2584248408,-3.2386853891,9.200402897,1319
106353,185266,226866,0.2584248408,-3.2386853891,9.200402897,1320
105606,185141,226810,0.2584248408,-3.2386853891,9.200402897,1321
105107,185114,226793,0.2584248408,-3.2386853891,9.200402897,1322
105052,185109,226753,0.2584248408,-3.2386853891,9.200402897,1323
105169,185157,226848,0.2584248408,-3.2386853891,9.200402897,1324
105382,185191,226893,0.2584248408,-3.2386853891,9.200402897,1325
105638,185240,226885,0.2584248408,-3.2386853891,9.200402897,1326
105860,185258,226853,0.2584248408,-3.2386853891,9.200402897,1327
105962,185241,226872,0.2584248408,-3.2386853891,9.200402897,1328
105959,185295,226853,0.2584248408,-3.2386853891,9.200402897,1329
105980,185282,226871,0.2584248408,-3.2386853891,9.200402897,1330
106067,185289,226876,0.1160518961,-3.2769705507,9.3571327773,1331
106178,185290,226909,0.1160518961,-3.2769705507,9.3571327773,1332
106349,185318,226909,0.1160518961,-3.2769705507,9.3571327773,1333
106523,185364,226900,0.1160518961,-3.2769705507,9.3571327773,1334
106665,185406,226930,0.1160518961,-3.2769705507,9.3571327773,1335
106831,185408,226917,0.1160518961,-3.2769705507,9.3571327773,1336
106983,185447,226945,0.1160518961,-3.2769705507,9.3571327773,1337
107036,185412,226951,0.1160518961,-3.2769705507,9.3571327773,1338
106477,185306,226912,0.1160518961,-3.2769705507,9.3571327773,1339
105493,185167,226812,0.1160518961,-3.2769705507,9.3571327773,1340
104958,185067,226735,0.1160518961,-3.2769705507,9.3571327773,1341
104818,185096,226745,0.1160518961,-3.2769705507,9.3571327773,1342
104871,185107,226718,0.1160518961,-3.2769705507,9.3571327773,1343
104967,185151,226776,0.1160518961,-3.2769705507,9.3571327773,1344
105107,185167,226793,0.1160518961,-3.2769705507,9.3571327773,1345
105337,185195,226847,0.1160518961,-3.2769705507,9.3571327773,1346
105505,185239,226833,0.1160518961,-3.2769705507,9.3571327773,1347
105555,185211,226800,0.1160518961,-3.2769705507,9.3571327773,1348
105537,185237,226840,0.1160518961,-3.2769705507,9.3571327773,1349
105593,185232,226824,0.1160518961,-3.2769705507,9.3571327773,1350
105710,185278,226854,0.1160518961,-3.2769705507,9.3571327773,1351
105852,185281,226845,0.1160518961,-3.2769705507,9.3571327773,1352
106035,185322,226848,0.1160518961,-3.2769705507,9.3571327773,1353
106174,185335,226934,0.1160518961,-3.2769705507,9.3571327773,1354
106344,185351,226904,0.1160518961,-3.2769705507,9.3571327773,1355
106493,185353,226859,0.1160518961,-3.2769705507,9.3571327773,1356
106626,185411,226922,0.1160518961,-3.2769705507,9.3571327773,1357
106434,185346,226888,0.1160518961,-3.2769705507,9.3571327773,1358
105502,185171,226780,0.1160518961,-3.2769705507,9.3571327773,1359
104660,185054,226694,0.1160518961,-3.2769705507,9.3571327773,1360
104402,185079,226682,0.1160518961,-3.2769705507,9.3571327773,1361
104455,185079,226715,0.1160518961,-3.2769705507,9.3571327773,1362
104598,185105,226754,0.1160518961,-3.2769705507,9.3571327773,1363
104788,185158,226746,0.1160518961,-3.2769705507,9.3571327773,1364
105067,185212,226795,0.1160518961,-3.2769705507,9.3571327773,1365
105294,185261,226780,0.1160518961,-3.2769705507,9.3571327773,1366
105438,185270,226834,0.1160518961,-3.2769705507,9.3571327773,1367
105444,185222,226788,0.1160518961,-3.2769705507,9.3571327773,1368
105498,185245,226831,0.1160518961,-3.2769705507,9.3571327773,1369
105595,185244,226880,0.1160518961,-3.2769705507,9.3571327773,1370
105753,185277,226840,0.1160518961,-3.2769705507,9.3571327773,1371
105911,185309,226856,0.1160518961,-3.2769705507,9.3571327773,1372
106556,185377,226885,0.2907279459,-3.445664544,9.2111705987,1373
106703,185415,226888,0.2907279459,-3.445664544,9.2111705987,1374
106568,185329,226824,0.2907279459,-3.445664544,9.2111705987,1375
105820,185207,226756,0.2907279459,-3.445664544,9.2111705987,1376
105070,185092,226686,0.2907279459,-3.445664544,9.2111705987,1377
104838,185101,226690,0.2907279459,-3.445664544,9.2111705987,1378
104943,185114,226747,0.2907279459,-3.445664544,9.2111705987,1379
105142,185161,226677,0.2907279459,-3.445664544,9.2111705987,1380
105423,185171,226737,0.2907279459,-3.445664544,9.2111705987,1381
105686,185210,226763,0.2907279459,-3.445664544,9.2111705987,1382
105850,185234,226706,0.2907279459,-3.445664544,9.2111705987,1383
105855,185248,226677,0.2907279459,-3.445664544,9.2111705987,1384
105829,185233,226707,0.2907279459,-3.445664544,9.2111705987,1385
105846,185228,226696,0.2907279459,-3.445664544,9.2111705987,1386
105910,185261,226723,0.2907279459,-3.445664544,9.2111705987,1387
106004,185240,226754,0.2907279459,-3.445664544,9.2111705987,1388
106056,185263,226734,0.2907279459,-3.445664544,9.2111705987,1389
106049,185211,226721,0.2907279459,-3.445664544,9.2111705987,1390
106094,185240,226725,0.2907279459,-3.445664544,9.2111705987,1391
106126,185234,226715,0.2907279459,-3.445664544,9.2111705987,1392
105978,185211,226725,0.2907279459,-3.445664544,9.2111705987,1393
105227,185062,226624,0.2907279459,-3.445664544,9.2111705987,1394
104595,185032,226581,0.2907279459,-3.445664544,9.2111705987,1395
104447,185027,226521,0.2907279459,-3.445664544,9.2111705987,1396
104592,185030,226597,0.2907279459,-3.445664544,9.2111705987,1397
104786,185094,226646,0.2907279459,-3.445664544,9.2111705987,1398
105030,185119,226648,0.2907279459,-3.445664544,9.2111705987,1399
105264,185143,226661,0.2907279459,-3.445664544,9.2111705987,1400
105391,185178,226675,0.2907279459,-3.445664544,9.2111705987,1401
105371,185176,226679,0.2907279459,-3.445664544,9.2111705987,1402
105363,185187,226726,0.2907279459,-3.445664544,9.2111705987,1403
105409,185188,226637,0.2907279459,-3.445664544,9.2111705987,1404
105536,185193,226695,0.2907279459,-3.445664544,9.2111705987,1405
105691,185227,226698,0.2907279459,-3.445664544,9.2111705987,1406
105864,185262,226716,0.2907279459,-3.445664544,9.2111705987,1407
106026,185314,226722,0.2907279459,-3.445664544,9.2111705987,1408
106176,185270,226730,0.2907279459,-3.445664544,9.2111705987,1409
106311,185328,226748,0.2907279459,-3.445664544,9.2111705987,1410
106068,185274,226707,0.2907279459,-3.445664544,9.2111705987,1411
105092,185103,226612,0.2907279459,-3.445664544,9.2111705987,1412
104247,184951,226511,0.2907279459,-3.445664544,9.2111705987,1413
103979,184944,226500,0.2907279459,-3.445664544,9.2111705987,1414
105086,185130,226611,0.1363908882,-3.3080772444999997,9.219545477799999,1415
105240,185157,226653,0.1363908882,-3.3080772444999997,9.219545477799999,1416
105426,185183,226687,0.1363908882,-3.3080772444999997,9.219545477799999,1417
105599,185205,226669,0.1363908882,-3.3080772444999997,9.219545477799999,1418
105747,185234,226663,0.1363908882,-3.3080772444999997,9.219545477799999,1419
105777,185184,226742,0.1363908882,-3.3080772444999997,9.219545477799999,1420
105073,185079,226633,0.1363908882,-3.3080772444999997,9.219545477799999,1421
104083,184951,226441,0.1363908882,-3.3080772444999997,9.219545477799999,1422
103635,184878,226481,0.1363908882,-3.3080772444999997,9.219545477799999,1423
103575,184881,226515,0.1363908882,-3.3080772444999997,9.219545477799999,1424
103680,184931,226509,0.1363908882,-3.3080772444999997,9.219545477799999,1425
103816,184956,226527,0.1363908882,-3.3080772444999997,9.219545477799999,1426
104076,185015,226544,0.1363908882,-3.3080772444999997,9.219545477799999,1427
104381,185044,226561,0.1363908882,-3.3080772444999997,9.219545477799999,1428
104587,185096,226575,0.1363908882,-3.3080772444999997,9.219545477799999,1429
104676,185065,226602,0.1363908882,-3.3080772444999997,9.219545477799999,1430
104722,185093,226604,0.1363908882,-3.3080772444999997,9.219545477799999,1431
104809,185127,226627,0.1363908882,-3.3080772444999997,9.219545477799999,1432
104997,185128,226636,0.1363908882,-3.3080772444999997,9.219545477799999,1433
105155,185181,226671,0.1363908882,-3.3080772444999997,9.219545477799999,1434
105331,185189,226656,0.1363908882,-3.3080772444999997,9.219545477799999,1435
105506,185208,226722,0.1363908882,-3.3080772444999997,9.219545477799999,1436
105682,185248,226664,0.1363908882,-3.3080772444999997,9.219545477799999,1437
105841,185237,226638,0.1363908882,-3.3080772444999997,9.219545477799999,1438
105876,185256,226663,0.1363908882,-3.3080772444999997,9.219545477799999,1439
105198,185083,226523,0.1363908882,-3.3080772444999997,9.219545477799999,1440
104231,184923,226492,0.1950150419,-3.4360932536,9.1908316066,1441
103827,184888,226440,0.1950150419,-3.4360932536,9.1908316066,1442
103847,184907,226448,0.2452643165,-3.3738798660000002,9.1980100744,1443
104000,184916,226394,0.1842473402,-3.2602207924999997,9.2674019298,1444
104208,184892,226436,0.17228322719999997,-3.3631121643,9.236295236,1445
104477,185053,226460,0.1974078645,-3.2243284535,9.162117735399999,1446
104705,185048,226507,0.3098705267,-3.3487552287,9.2027957196,1447
104781,185023,226497,0.3158525832,-3.23031051,9.1477607998,1448
104759,184920,226502,0.2297109696,-3.3056844219,9.164510558,1449
104772,185006,226466,0.2309073809,-3.3954152694,9.1501536224,1450
104841,185019,226467,0.2859423007,-3.4384860762,9.0735832992,1451
104973,185002,226514,0.23928226,-3.4636107135,9.108279226899999,1452
105078,185039,226489,0.1698904046,-3.3559336964999997,9.284151688,1453
105159,185009,226491,0.1698904046,-3.3559336964999997,9.284151688,1454
105191,185013,226541,0.1698904046,-3.3559336964999997,9.284151688,1455
105241,185032,226466,0.1698904046,-3.3559336964999997,9.284151688,1456
104931,184955,226463,0.1698904046,-3.3559336964999997,9.284151688,1457
104112,184847,226398,0.1698904046,-3.3559336964999997,9.284151688,1458
103652,184804,226365,0.1698904046,-3.3559336964999997,9.284151688,1459
103682,184839,226403,0.13758729949999998,-3.4025937372,9.2829552767,1460
103890,184930,226454,0.287138712,-3.361915753,9.327222494799999,1461
104163,184952,226412,0.1387837108,-3.2829526072,9.233902413400001,1462
104430,185003,226492,0.20578274359999998,-3.3068808331999997,9.2279203569,1463
104672,185012,226504,0.32901310749999996,-3.3702906320999997,9.1501536224,1464
104834,185045,226503,0.32901310749999996,-3.3702906320999997,9.1501536224,1465
104875,185052,226525,0.32901310749999996,-3.3702906320999997,9.1501536224,1466
104950,185043,226521,0.32901310749999996,-3.3702906320999997,9.1501536224,1467
105084,185062,226515,0.32901310749999996,-3.3702906320999997,9.1501536224,1468
105255,185045,226553,0.32901310749999996,-3.3702906320999997,9.1501536224,1469
105436,185102,226584,0.32901310749999996,-3.3702906320999997,9.1501536224,1470
105613,185141,226676,0.32901310749999996,-3.3702906320999997,9.1501536224,1471
105797,185170,226663,0.32901310749999996,-3.3702906320999997,9.1501536224,1472
105959,185197,226663,0.18185451760000002,-3.2997023654,9.233902413400001,1473
105683,185114,226628,0.020338992099999998,-3.3643085755999995,9.21236701,1474
104817,184962,226535,0.1746760498,-3.2961131315000003,9.3056870914,1475
104057,184858,226443,0.1746760498,-3.2961131315000003,9.3056870914,1476
103849,184834,226461,0.1746760498,-3.2961131315000003,9.3056870914,1477
103896,184833,226461,0.1746760498,-3.2961131315000003,9.3056870914,1478
104034,184907,226452,0.1746760498,-3.2961131315000003,9.3056870914,1479
104207,184884,226513,0.1746760498,-3.2961131315000003,9.3056870914,1480
104481,184958,226511,0.1746760498,-3.2961131315000003,9.3056870914,1481
104705,184971,226493,0.1746760498,-3.2961131315000003,9.3056870914,1482
104810,184945,226575,0.1746760498,-3.2961131315000003,9.3056870914,1483
104830,184969,226537,0.1746760498,-3.2961131315000003,9.3056870914,1484
104872,184957,226558,0.1746760498,-3.2961131315000003,9.3056870914,1485
105003,184991,226573,0.12442677519999999,-3.2327033326,9.3056870914,1486
105151,185003,226599,0.12442677519999999,-3.2327033326,9.3056870914,1487
105330,185015,226606,0.12442677519999999,-3.2327033326,9.3056870914,1488
105480,185037,226622,0.12442677519999999,-3.2327033326,9.3056870914,1489
105607,185041,226659,0.12442677519999999,-3.2327033326,9.3056870914,1490
105366,185019,226592,0.12442677519999999,-3.2327033326,9.3056870914,1491
104432,184821,226509,0.12442677519999999,-3.2327033326,9.3056870914,1492
103711,184752,226432,0.12442677519999999,-3.2327033326,9.3056870914,1493
103484,184723,226389,0.12442677519999999,-3.2327033326,9.3056870914,1494
103495,184731,226476,0.12442677519999999,-3.2327033326,9.3056870914,1495
103652,184777,226422,0.12442677519999999,-3.2327033326,9.3056870914,1496
103869,184828,226505,0.12442677519999999,-3.2327033326,9.3056870914,1497
104170,184878,226467,0.12442677519999999,-3.2327033326,9.3056870914,1498
104408,184919,226517,0.1543370577,-3.2829526072,9.248259349,1499
104548,184918,226536,0.2548356069,-3.194418171,9.3009014462,1500
104591,184942,226527,0.0275174599,-3.1142586138999997,9.233902413400001,1501
104613,184929,226498,0.17706887240000002,-3.1932217597,9.176474671,1502
104709,184960,226525,0.19381863059999999,-3.1381868399,9.1334038642,1503
104844,184825,226556,0.1806581063,-3.0855447427,9.273383986299999,1504
104967,185027,226535,0.16630117069999997,-3.2255248647999997,9.3595255999,1505
105136,185053,226564,0.263210486,-3.2171499857,9.3104727366,1506
105260,185037,226568,0.09930213789999999,-3.0699913958000002,9.1680997919,1507
105093,185003,226521,0.21296121140000002,-3.2638100264,9.290133744499999,1508
104316,184828,226440,0.21296121140000002,-3.2638100264,9.290133744499999,1509
103733,184777,226436,0.21296121140000002,-3.2638100264,9.290133744499999,1510
103639,184777,226445,0.16749758199999998,-3.337987527,9.3152583818,1511
103743,184815,226430,0.2763710103,-3.2087751066,9.2147598326,1512
103915,184823,226454,0.263210486,-3.1812576466999998,9.2374916473,1513
104156,184889,226480,0.1351944769,-3.2470602682000003,9.188438784,1514
104408,184866,226479,0.3242274623,-3.1788648241,9.219545477799999,1515
104566,184974,226548,0.2727817764,-3.1932217597,9.200402897,1516
104531,184930,226497,0.1280160091,-3.2997023654,9.3236332609,1517
104490,184971,226488,0.1890329854,-3.2279176874,9.3248296722,1518
104483,184972,226503,0.3206382284,-3.3056844219,9.200402897,1519
104514,184994,226504,0.3206382284,-3.3056844219,9.200402897,1520
104604,185016,226504,0.3206382284,-3.3056844219,9.200402897,1521
104745,185031,226538,0.3206382284,-3.3056844219,9.200402897,1522
104925,185065,226577,0.3206382284,-3.3056844219,9.200402897,1523
104885,185073,226579,0.3206382284,-3.3056844219,9.200402897,1524
104186,184984,226515,0.3206382284,-3.3056844219,9.200402897,1525
103552,184956,226472,0.3206382284,-3.3056844219,9.200402897,1526
103402,184977,226499,0.3206382284,-3.3056844219,9.200402897,1527
103530,185060,226539,0.3206382284,-3.3056844219,9.200402897,1528
103706,185086,226561,0.3206382284,-3.3056844219,9.200402897,1529
103962,185136,226627,0.3206382284,-3.3056844219,9.200402897,1530
104262,185207,226652,0.3206382284,-3.3056844219,9.200402897,1531
104468,185249,226642,0.3206382284,-3.3056844219,9.200402897,1532
104549,185270,226665,0.3206382284,-3.3056844219,9.200402897,1533
104613,185297,226653,0.3206382284,-3.3056844219,9.200402897,1534
104705,185329,226696,0.3206382284,-3.3056844219,9.200402897,1535
104840,185373,226669,0.3206382284,-3.3056844219,9.200402897,1536
104977,185355,226709,0.3206382284,-3.3056844219,9.200402897,1537
105155,185438,226768,0.3206382284,-3.3056844219,9.200402897,1538
105336,185448,226750,0.3206382284,-3.3056844219,9.200402897,1539
105333,185403,226754,0.3206382284,-3.3056844219,9.200402897,1540
